 -0.00362576345340926  0.01623790209664605  0.02172791412236297  0.02786797030331120
  0.03453593135297024  0.04199871949223705  0.05015689938170338  0.05906968992448962
  0.06870403547940665  0.07903986505049931  0.09004204153270504  0.10180294477068044
  0.11417849787517149  0.12717401767664752  0.14079391815150524  0.15485083298473179
  0.16943931489631614  0.18443172476808292  0.19974073383981905  0.21537091504267167
  0.23123205183767734  0.24724108294330585  0.26332958183950772  0.27944380729575663
  0.29553887784283439  0.31157125947651032  0.32748894100355219  0.34321436673001710
  0.35872395221537823  0.37402835594855954  0.38912943487663187  0.40401907839349899
  0.41867667310457413  0.43309462794138243  0.44726803167538332  0.46119225368269301
  0.47485926809396956  0.48827206043757804  0.50143622149050504  0.51435446724815848
  0.52703481047162104  0.53948535536503550  0.55171597830669394  0.56372503229133808
  0.57553144094900666  0.58715961449985432  0.59853110372840324  0.60970408628972439
  0.62069327745035074  0.63150821794474821  0.64216629948352322  0.65264671173219768
  0.66294977217091600  0.67310451175139818  0.68310229071630868  0.69293915044947207
  0.70261187790695401  0.71212010364859069  0.72149938376362233  0.73077498130392982
  0.73993596915176640  0.74893142966096848  0.75780962848388933  0.76658919832349737
  0.77522505785181595  0.78374032351635459  0.79216502387488219  0.80050444808227483
  0.80870568207368798  0.81679589575754474  0.82479997234883773  0.83272794112952486
  0.84057550812190673  0.84827112936222193  0.85588672848051284  0.86344149454154451
  0.87092581263928692  0.87832793574325685  0.88565120608592451  0.89286318668264308
  0.90000863924784757  0.90710288625295077  0.91415218171317247  0.92103358433516735
  0.92787547655486946  0.93466541848706775  0.94139795720790553  0.94807122876591732
  0.95469508252869906  0.96129368083782973  0.96786395084022014  0.97439486674506981
  0.98084927867831695  0.98726184495813907  0.99364226410730161  1.00000000000000000
 -0.00240874029988350  0.00916923664669984  0.01894280075431556  0.02904967958118444
  0.03932778509579751  0.04990922810724462  0.06047422517439065  0.07080980033807982
  0.08108550855215688  0.09170589389561704  0.10211360621289758  0.11287026053750589
  0.12358130702706185  0.13397960608779047  0.14426523521451856  0.15439549552882792
  0.16506961352998101  0.17534384857834201  0.18531819536560096  0.19527300320163948
  0.20527384891807243  0.21548453999458209  0.22608804618255898  0.23705312615450658
  0.24808941978061516  0.25836186387548626  0.26836738164442414  0.27838524954484967
  0.28852589678788598  0.29864237564057639  0.30896845691281721  0.31961977859554808
  0.33056735388062825  0.34155499078538409  0.35222846776102040  0.36271874591162506
  0.37316768357448410  0.38350578679405101  0.39391271723865617  0.40441284902397279
  0.41513954049858642  0.42579465239679370  0.43629637325869247  0.44721615904134748
  0.45833389364371507  0.46939896772766815  0.48019914857039520  0.49079512083210391
  0.50157058116338937  0.51193422135745570  0.52244966262678849  0.53260881058452603
  0.54285492738202223  0.55330776981267626  0.56416051124945077  0.57520065163616241
  0.58618595044208266  0.59711622806408415  0.60805558367313473  0.61915772907720878
  0.63020012796425295  0.64093700198925163  0.65130307839952128  0.66132637582005804
  0.67151854116813758  0.68180211323954409  0.69221254976893787  0.70293846431487361
  0.71380868282175447  0.72440471654015737  0.73467485514922792  0.74496200104077526
  0.75546280822436029  0.76624428676172895  0.77689159338425651  0.78771568898347222
  0.79839550384698188  0.80922833583211851  0.81977762556071609  0.83022613117353228
  0.84060247952523615  0.85129977609585628  0.86159765897850105  0.87198829088300311
  0.88237167275170492  0.89276581370830621  0.90320718118454835  0.91373191697915157
  0.92458649485738786  0.93554232920435210  0.94626686410529304  0.95703215360866922
  0.96762726923103071  0.97827496461386709  0.98902599288557835  1.00000000000000000
   4.3029560268255859E-005  -1.0000000000000000     
 F F F F F F F F F F F F F F F F F F F F F F F F F F F F F F F F
  <DiscreteSampler_grid>
  grouped_processes
  1 # 1 for a reference and 2 for a running grid.
  10 # Attribute 'min_bin_probing_points' of the grid.
  1 # Attribute 'grid_mode' of the grid. 1=='default',2=='initialization'
  0.0000000000000000 # Attribute 'small_contrib_threshold' of the grid.
  0.5000000000000000 # Attribute 'damping_power' of the grid.
 # binID   n_entries weight   weight_sqr   abs_weight
    10   10   1.091853594451527E+006   1.900359040296699E+012   1.091853594451527E+006
  </DiscreteSampler_grid>
