 -0.00372870049683884  0.01623919135241943  0.02172007259641412  0.02786074503247701
  0.03453111585148278  0.04200946899862732  0.05017110094400511  0.05908701889817641
  0.06872737025600269  0.07908849000257184  0.09008540854175492  0.10181917782980637
  0.11419384689307788  0.12719025262329156  0.14078793096965153  0.15482110984803790
  0.16939564969896759  0.18438982450949465  0.19971628215806261  0.21536251620496652
  0.23122579795594919  0.24724216300153731  0.26334420224183780  0.27946482141570461
  0.29556832164538427  0.31160925226917574  0.32755911733963083  0.34333854651796997
  0.35892577182778751  0.37431898909104255  0.38949411352009361  0.40442357391276396
  0.41908767359260451  0.43349779445594078  0.44766057026347567  0.46157203283989839
  0.47524275768503049  0.48867479798979557  0.50185651776342344  0.51477943625124978
  0.52744082389629643  0.53986207076351922  0.55204895435018064  0.56402555904424412
  0.57580743970729098  0.58739296573953748  0.59877765394949423  0.60996984505868956
  0.62096715102130629  0.63177370106657482  0.64240154446015219  0.65284910092710502
  0.66312282567897285  0.67324327278490415  0.68321720010522546  0.69303836673241515
  0.70271410689413372  0.71223305170203888  0.72162454157954270  0.73091449139670506
  0.74008661962480571  0.74906350922886444  0.75792537408844496  0.76668112432638147
  0.77530366238588011  0.78381217837211759  0.79223390433926155  0.80057965335423620
  0.80877431976536440  0.81686465613851311  0.82486800848656239  0.83279539818136383
  0.84064606587967494  0.84834333609404622  0.85596343081845094  0.86350577280497232
  0.87096933914046182  0.87835783224025932  0.88567697445508242  0.89287849038447287
  0.90002391596952613  0.90713155565729742  0.91420307799458767  0.92108997361160849
  0.92793740152755366  0.93472658703206746  0.94145148759238029  0.94811731528922272
  0.95472725789220458  0.96132503299536698  0.96789795813162849  0.97441824401145893
  0.98085517373969888  0.98725969662357049  0.99363913581258467  1.00000000000000000
 -0.00272664211585960  0.00978078481899414  0.02081375519658787  0.03219233923255044
  0.04355976209796723  0.05421897210463895  0.06458689818881010  0.07465842033860660
  0.08509140196509264  0.09530178084145458  0.10563483703012122  0.11550777242939499
  0.12554127301826609  0.13600147347648303  0.14667967467686446  0.15794366644818733
  0.16885208452046330  0.17973294712195259  0.19043004967876387  0.20132710310370525
  0.21226207781669706  0.22317493260151766  0.23376815647144444  0.24410295005709740
  0.25463304955872040  0.26503965931276879  0.27533919504891313  0.28545784570569410
  0.29571511160226310  0.30628065433282747  0.31659380382708097  0.32665708452435843
  0.33696794477896908  0.34735765944535574  0.35780064258351013  0.36811058741283348
  0.37873472078764225  0.38979131321830607  0.40076279435778556  0.41156592874937920
  0.42236025184340459  0.43294084432231289  0.44359927887561840  0.45417687267211215
  0.46464506234935249  0.47476393801557848  0.48503090914209568  0.49558752711034537
  0.50619796982116338  0.51661437757098516  0.52691660207396662  0.53727505006629628
  0.54796330447552966  0.55892744456023180  0.56985124142995958  0.58048086058576953
  0.59106041646412188  0.60163407364499100  0.61219022468180140  0.62255718092708601
  0.63258675904903983  0.64276279872899678  0.65327868965720315  0.66407260862538242
  0.67497982692585934  0.68546072779288636  0.69590172367569725  0.70633069799425818
  0.71701225524388390  0.72780877869790273  0.73843988663260929  0.74918368281072611
  0.75974767977536184  0.77010045928890469  0.77992656670727667  0.78988818650009829
  0.80020063097673477  0.81043984888575704  0.82069359417269405  0.83076258851326745
  0.84086299092709527  0.85112506412975986  0.86182750138375253  0.87282746115328802
  0.88355871640012440  0.89390194196177053  0.90444598552785582  0.91506182831516469
  0.92560186871474315  0.93614388125651526  0.94716226944288162  0.95815254108604830
  0.96871382994782629  0.97906119778439182  0.98962035405256332  1.00000000000000000
   4.2084829011763390E-005  -1.0000000000000000     
 F F F F F F F F F F F F F F F F F F F F F F F F F F F F F F F F
  <DiscreteSampler_grid>
  grouped_processes
  1 # 1 for a reference and 2 for a running grid.
  10 # Attribute 'min_bin_probing_points' of the grid.
  1 # Attribute 'grid_mode' of the grid. 1=='default',2=='initialization'
  0.0000000000000000 # Attribute 'small_contrib_threshold' of the grid.
  0.5000000000000000 # Attribute 'damping_power' of the grid.
 # binID   n_entries weight   weight_sqr   abs_weight
    10   10   1.246709850787303E+006   2.939088095658009E+012   1.246709850787303E+006
  </DiscreteSampler_grid>
