 -0.00365625808906504  0.01622324243916689  0.02169522891520223  0.02784035290486462
  0.03451581578541699  0.04198807265513386  0.05015600315670640  0.05905689293703350
  0.06869097139720448  0.07904819551217969  0.09004414278343340  0.10178934286361585
  0.11416476323411245  0.12714338581659521  0.14074708412286993  0.15482574824347967
  0.16942236458260396  0.18441183625416341  0.19973076325801173  0.21540362262675047
  0.23128219734629976  0.24729069619947616  0.26337130282187265  0.27948196894607852
  0.29556882552538294  0.31159894946903549  0.32751817653994730  0.34326312105773643
  0.35881988444874535  0.37417537490299380  0.38932575382522178  0.40425117391978321
  0.41894344160383917  0.43338242511876407  0.44755074966434044  0.46145514941957566
  0.47510387235862989  0.48850502414440267  0.50165893568482156  0.51456193805332828
  0.52723337964606598  0.53968780715383313  0.55191180877093071  0.56392219066189686
  0.57573802042228883  0.58735660405165591  0.59875505959583508  0.60991586272300424
  0.62089181113875280  0.63169016423077651  0.64233072645834721  0.65280422982635333
  0.66310707689550863  0.67325614835060554  0.68324975819260370  0.69308957672337501
  0.70277100043351348  0.71229427568496428  0.72168505636252833  0.73096123197003393
  0.74011176374424170  0.74908587018838768  0.75793486691841316  0.76668443071485270
  0.77530309989300317  0.78380778125922368  0.79222625367175903  0.80056513068343693
  0.80876530595268048  0.81685198106567658  0.82485365842337721  0.83278299805810652
  0.84063589807223194  0.84834719485021537  0.85597749469376350  0.86353458202251931
  0.87100474260699312  0.87837432870297172  0.88566766679609121  0.89284569470894881
  0.89996876802831505  0.90705172681239865  0.91409012724699479  0.92099084130307807
  0.92784680569471112  0.93465044229165373  0.94139628202043857  0.94807118215128383
  0.95469812867621762  0.96129765258009048  0.96786625857044051  0.97439225802298024
  0.98084284010893963  0.98725204723203075  0.99363329117048238  1.00000000000000000
 -0.00257181339030630  0.00987098138762525  0.02083473093821345  0.03185880053584177
  0.04313026079461707  0.05426538498988991  0.06534455130078198  0.07627257518969659
  0.08689617785217621  0.09746650665038346  0.10779772714768661  0.11807580943746078
  0.12869104222856836  0.13914890332006113  0.14943345184661780  0.15968322495426679
  0.16973586666294410  0.17970308262774629  0.18970436636306295  0.19991158482275109
  0.21015557110082428  0.22006145210824685  0.22982784061746081  0.24026701901181843
  0.25052899596223560  0.26073069889603834  0.27095482874856291  0.28136657156897454
  0.29169702512254914  0.30183959130516580  0.31207634758848524  0.32240793916536842
  0.33282633960994384  0.34379617232046289  0.35478896639887786  0.36583023914041002
  0.37657051375651474  0.38708659119202848  0.39762080699707186  0.40810218221768152
  0.41866975272262114  0.42932818672607148  0.43978598431005039  0.45054184280847992
  0.46118170035837430  0.47242693074660047  0.48343630807605681  0.49438760111079122
  0.50508039280949890  0.51554961550413658  0.52598836473495791  0.53656119034072491
  0.54741190119564997  0.55865915433218538  0.56951451137277442  0.58047383930480578
  0.59121648017411665  0.60195456018473636  0.61267963271784975  0.62307785664695381
  0.63370973900248417  0.64434588441099649  0.65497579887806145  0.66607921336744746
  0.67697861822476479  0.68764901552143221  0.69798720911832401  0.70818103876946958
  0.71832623438827992  0.72836400267596424  0.73827727586097991  0.74819048472032401
  0.75834954432600798  0.76866578931006169  0.77912447013412145  0.78986574718460101
  0.80030951975656484  0.81080328795593959  0.82084569690387044  0.83113273275639998
  0.84126167164688270  0.85125208023616294  0.86142380038177002  0.87186762388450634
  0.88280420664062520  0.89367240317082930  0.90456637260540540  0.91521215759327257
  0.92582765244325593  0.93659957275771810  0.94734622023820292  0.95821610012691749
  0.96871079593096965  0.97933303488871171  0.98972427004126218  1.00000000000000000
   4.2291287564594186E-005  -1.0000000000000000     
 F F F F F F F F F F F F F F F F F F F F F F F F F F F F F F F F
  <DiscreteSampler_grid>
  grouped_processes
  1 # 1 for a reference and 2 for a running grid.
  10 # Attribute 'min_bin_probing_points' of the grid.
  1 # Attribute 'grid_mode' of the grid. 1=='default',2=='initialization'
  0.0000000000000000 # Attribute 'small_contrib_threshold' of the grid.
  0.5000000000000000 # Attribute 'damping_power' of the grid.
 # binID   n_entries weight   weight_sqr   abs_weight
    10   10   7.359502073414349E+005   9.094211292661755E+011   7.359502073414349E+005
  </DiscreteSampler_grid>
