 -0.00001841354454934  0.00021874157254601  0.00062422431502132  0.00125816012938421
  0.00212886784016749  0.00320951167449290  0.00449266595239237  0.00596885395345659
  0.00763396958996947  0.00946004998788194  0.01144846985970118  0.01359986601793320
  0.01589989269627019  0.01834012480981269  0.02091124707813658  0.02360828517295999
  0.02644020132788565  0.02940658346609683  0.03249398372307150  0.03569308450501846
  0.03899758386522111  0.04242387850978454  0.04597332427858039  0.04961840520813159
  0.05335637750437588  0.05721877850582522  0.06120192867031522  0.06527443930276984
  0.06944254734260565  0.07373757625365375  0.07814043931735087  0.08260453131009553
  0.08723198138856572  0.09193927210656082  0.09673231077643217  0.10163611775289387
  0.10670984120212178  0.11181042804067491  0.11708754036749541  0.12248100158120072
  0.12794990924207622  0.13354472765045552  0.13928372705917316  0.14512250486504008
  0.15109358634169820  0.15718728270814686  0.16339703682994594  0.16971556445660838
  0.17621937412588534  0.18286123010656327  0.18961780776318571  0.19651801297745047
  0.20358680522023337  0.21079553437651125  0.21820034289146267  0.22575906418315256
  0.23346008112184646  0.24137346953689803  0.24951553548172206  0.25785391427084176
  0.26636768345122880  0.27501765920122884  0.28410862725149744  0.29332062997532304
  0.30266381750978294  0.31237166574376857  0.32247157052215375  0.33259872726366085
  0.34317227609837730  0.35436899790804988  0.36555422488631506  0.37723794199814759
  0.38947310368015359  0.40198768073976976  0.41467631469913097  0.42853028150178418
  0.44269871096405689  0.45733221189114348  0.47277890657077076  0.48903092503419821
  0.50602967008336930  0.52393377471026736  0.54282656321747003  0.56287584140339253
  0.58479450887668716  0.60811827197675994  0.63315136218531842  0.66045724627910751
  0.69006662108879935  0.72267962329712399  0.75987676365255052  0.80031686813558744
  0.84509943858506820  0.89433679238487473  0.94622846855189469  1.00000000000000000
 -0.00255364674739006  0.00972339433190728  0.02019248915983736  0.03100977670783633
  0.04164960640917301  0.05228517390489475  0.06296411612637773  0.07351040357397055
  0.08397820817730486  0.09456430739129591  0.10537051846220662  0.11621437387303064
  0.12701253140620378  0.13786327536825529  0.14839237384572124  0.15881808537897135
  0.16940883117473660  0.18027359357574077  0.19101631046233788  0.20169316360926418
  0.21223274675478926  0.22263996416396589  0.23283123015114257  0.24287117741832523
  0.25299423481306910  0.26322126442331717  0.27359787810876923  0.28413073634561009
  0.29490131541714498  0.30578230727137307  0.31659866912987272  0.32727201143876467
  0.33792081404829694  0.34853812792917488  0.35920278232878861  0.36961533837038107
  0.38005601385413290  0.39033166746968945  0.40085791132515808  0.41158370092041546
  0.42253037675522975  0.43356628102077061  0.44445660604094939  0.45524163271978701
  0.46587716270269103  0.47630950453660093  0.48671035259906020  0.49706836253494718
  0.50755737226455666  0.51807919749945641  0.52871143288258160  0.53938140988609062
  0.55019142757548534  0.56096138914419469  0.57163151779659782  0.58225843627489737
  0.59311996124862276  0.60399159241113776  0.61454805917453914  0.62496085164137516
  0.63535040831872358  0.64594886379894345  0.65640157611740946  0.66669181882933559
  0.67700463350372775  0.68725776732351218  0.69763812723246144  0.70801192016352432
  0.71834964507819588  0.72854032677775737  0.73884295229731134  0.74908683388317188
  0.75923702775947255  0.76930866683230303  0.77958860478680880  0.78977618738091671
  0.80011097609129689  0.81048836211498843  0.82131754905057575  0.83201032459091961
  0.84280104187229654  0.85353166755366361  0.86411612475150368  0.87469979163617984
  0.88517641454899598  0.89574904110509668  0.90622144523880233  0.91673048743126195
  0.92699089454328554  0.93712410729957885  0.94727792344400219  0.95760453274875545
  0.96812131444965510  0.97874608799988050  0.98939663653998711  1.00000000000000000
   2.4618890297040970E-007  -1.0000000000000000     
 F F F F F F F F F F F F F F F F F F F F F F F F F F F F F F F F
  <DiscreteSampler_grid>
  grouped_processes
  1 # 1 for a reference and 2 for a running grid.
  10 # Attribute 'min_bin_probing_points' of the grid.
  1 # Attribute 'grid_mode' of the grid. 1=='default',2=='initialization'
  0.0000000000000000 # Attribute 'small_contrib_threshold' of the grid.
  0.5000000000000000 # Attribute 'damping_power' of the grid.
 # binID   n_entries weight   weight_sqr   abs_weight
    10   10   5.208964613732874E+006   3.065596854617948E+013   5.208964613732874E+006
  </DiscreteSampler_grid>
