 -0.00349091289439958  0.01625702989763420  0.02175858408482212  0.02789968422189613
  0.03458063906061497  0.04206546313105443  0.05025249161969142  0.05917108118361310
  0.06880295381019984  0.07915407430169925  0.09016149485881506  0.10191355585292446
  0.11428263069081646  0.12726419343169235  0.14086618468949727  0.15492401048676765
  0.16954096485235778  0.18458183645054363  0.19992785269772229  0.21558358470932762
  0.23145773940252024  0.24748903914022830  0.26358002597902458  0.27968538670825077
  0.29577216443689525  0.31179495076135133  0.32768513072938987  0.34339897660318136
  0.35894309638281263  0.37430841418742727  0.38945669683221940  0.40436294619454138
  0.41902159788740750  0.43342128823084825  0.44757073873616265  0.46147340520589819
  0.47513755518997947  0.48855880236927801  0.50172930276970873  0.51465648014604692
  0.52734931527728712  0.53981647563564306  0.55204765621924334  0.56404825468465480
  0.57583447429734946  0.58742576605501984  0.59879355996035366  0.60995420745104478
  0.62093251416734874  0.63173920091422209  0.64238270354562954  0.65284840506213315
  0.66313843895088120  0.67327528863169572  0.68325440905397361  0.69306837252100906
  0.70273881840062014  0.71223237006378515  0.72158754094646271  0.73083632424102185
  0.73996715682042102  0.74891445038702398  0.75777174737561259  0.76654100385268342
  0.77517102300028062  0.78367947477106081  0.79209662023758987  0.80043197606132221
  0.80861507831222901  0.81669138449233569  0.82468332170725089  0.83260162748082023
  0.84044441578280193  0.84815033305295107  0.85577763442285859  0.86333715737971373
  0.87082174773447496  0.87822590297627445  0.88555959482639146  0.89277868279520189
  0.89993772643023018  0.90705179841062467  0.91412278105191969  0.92103277230109781
  0.92790009142242635  0.93471185775696086  0.94145907942508111  0.94812666551148406
  0.95474371952629589  0.96133070771411600  0.96788514327854613  0.97439785936722334
  0.98083944619303298  0.98724740276050793  0.99363123671484177  1.00000000000000000
 -0.00255841216831365  0.00925960772033694  0.01975741064797503  0.03030431539972536
  0.04112619041005413  0.05166328033033948  0.06242309505323174  0.07316691231097183
  0.08385402021869284  0.09425888349618768  0.10462561686267292  0.11518285850094276
  0.12582338995526629  0.13632597521327652  0.14674484479633551  0.15709470401101688
  0.16765636710961920  0.17819122681087135  0.18902661718259520  0.19972751869570604
  0.21052899402802588  0.22112289907291968  0.23162672408220611  0.24203062644220094
  0.25244842025667874  0.26294786172055695  0.27333822071246744  0.28385764431134841
  0.29415951393972145  0.30466032643508262  0.31498621378653346  0.32522616660208226
  0.33546471068977485  0.34572807221222518  0.35621172753653302  0.36641294400417884
  0.37672155532080914  0.38711763511380293  0.39736999509262882  0.40760352339321443
  0.41779660877072761  0.42839715760731201  0.43880881870947852  0.44896833683690324
  0.45914002849555186  0.46973434667327613  0.48019940458845628  0.49043834692750249
  0.50059540929995683  0.51117159293033232  0.52176434737480304  0.53219845661066256
  0.54242512391035969  0.55265077344932345  0.56317707233710479  0.57393980324544869
  0.58481409413332275  0.59539801843965856  0.60576441227796851  0.61605429994766947
  0.62634257549628825  0.63681430991596955  0.64755747917490802  0.65838401858399553
  0.66914298327387234  0.67940017050732193  0.68949668345458015  0.69956793549637775
  0.70981171198900161  0.72061949812492598  0.73126058680516148  0.74184146066905665
  0.75228907170090786  0.76308969709262975  0.77410718202854223  0.78519615751830163
  0.79611509681566128  0.80682788662386207  0.81741918292780968  0.82811276959928337
  0.83898385477330351  0.84968078949404346  0.86047150065510769  0.87128043732585603
  0.88209387673921613  0.89295687375942445  0.90401425774030930  0.91541254016526563
  0.92640215966437267  0.93761128412868899  0.94821858281241522  0.95900432350796205
  0.96936967616098946  0.97980136917874860  0.98993488062897694  1.00000000000000000
   4.2422311741388903E-005  -1.0000000000000000     
 F F F F F F F F F F F F F F F F F F F F F F F F F F F F F F F F
  <DiscreteSampler_grid>
  grouped_processes
  1 # 1 for a reference and 2 for a running grid.
  10 # Attribute 'min_bin_probing_points' of the grid.
  1 # Attribute 'grid_mode' of the grid. 1=='default',2=='initialization'
  0.0000000000000000 # Attribute 'small_contrib_threshold' of the grid.
  0.5000000000000000 # Attribute 'damping_power' of the grid.
 # binID   n_entries weight   weight_sqr   abs_weight
    10   10   6.629611458325803E+005   6.737398899417064E+011   6.629611458325803E+005
  </DiscreteSampler_grid>
