 -0.00365056686234425  0.01631765519637261  0.02184835133767294  0.02799535271105032
  0.03467158523565582  0.04215342038084865  0.05033944811123228  0.05927166546216997
  0.06892347667282958  0.07930218611128440  0.09033931900349201  0.10209572233276394
  0.11445002693738350  0.12740822952496819  0.14101261669302678  0.15507439791539554
  0.16966060064496086  0.18466728370484456  0.20001051157068062  0.21567309053023639
  0.23153747692902646  0.24755814998976847  0.26366727265949708  0.27979492321455202
  0.29589517375159774  0.31192807435622405  0.32782825681053407  0.34355029416468075
  0.35909349684928188  0.37444839907216598  0.38959459752937814  0.40452014279740239
  0.41922106931496400  0.43366039354226826  0.44782924300156934  0.46174028055119687
  0.47540844051544923  0.48882911453856642  0.50199311594467511  0.51489846702621356
  0.52755796718597958  0.53999926188315583  0.55221296926030095  0.56420953846383692
  0.57599718509147602  0.58759022783388926  0.59894732327068378  0.61009053662516588
  0.62105255632331835  0.63185086464841211  0.64248754933744456  0.65294353555892926
  0.66321973195280326  0.67334064502655466  0.68330883371133733  0.69313256935049994
  0.70280535333888172  0.71233064296875048  0.72172550493570220  0.73101088489329502
  0.74017427896806465  0.74913984475292617  0.75801257394386268  0.76680164181534649
  0.77544954246689679  0.78397577209314229  0.79241325897089410  0.80075951953228397
  0.80895512632976563  0.81705647583677199  0.82508039395305111  0.83302531911165389
  0.84087537825400704  0.84856976977734255  0.85618192243716562  0.86372874308509473
  0.87119957861668684  0.87857931153436208  0.88588601452881499  0.89308330513061285
  0.90022083710638701  0.90731777986817275  0.91438026228318792  0.92125287970720082
  0.92808322527800347  0.93485967972783179  0.94157539405237212  0.94822594164781215
  0.95483065387657673  0.96141024364087990  0.96795845538100511  0.97445618217484276
  0.98088442350999783  0.98727768038109887  0.99364621330072889  1.00000000000000000
 -0.00246885688799191  0.00917767885136115  0.01920368063256178  0.02993582552510435
  0.04079716705406107  0.05169357484801340  0.06199546141036885  0.07223765915977995
  0.08267207085445935  0.09320608171982235  0.10387315634711586  0.11420129857749378
  0.12468452998896115  0.13507974449776786  0.14549560796058778  0.15575979776109658
  0.16605545046247705  0.17652270463641245  0.18695148770398576  0.19752486549058815
  0.20783298197787747  0.21815342968652962  0.22817052142449495  0.23870805264146178
  0.24936039958568693  0.26002791693943617  0.27084389607264991  0.28185311731304663
  0.29266927814311722  0.30316849538235924  0.31376969502893526  0.32387261976388459
  0.33424946434809549  0.34435592979392793  0.35454895006762543  0.36472243562326839
  0.37493602987596319  0.38543539297935570  0.39585707805819420  0.40633066712206045
  0.41683095151846034  0.42726994187925832  0.43775664924688196  0.44860232326813887
  0.45951334548696754  0.47060707054394968  0.48149851494734813  0.49228708550210470
  0.50272763777898022  0.51341040471133137  0.52417553994441179  0.53513603544049471
  0.54591070261360408  0.55665249085109803  0.56708184073932166  0.57751496452578188
  0.58771227176375040  0.59793934877454413  0.60793799611409083  0.61820869657725974
  0.62838722915188849  0.63825628537653301  0.64817487305803001  0.65835917230376240
  0.66877397224509616  0.67952137967232973  0.69019175754153250  0.70106816342991263
  0.71184839899751118  0.72256190958114896  0.73324356781966837  0.74369070009873450
  0.75409976597128092  0.76477395558941030  0.77511599441560453  0.78553687131282923
  0.79582985097150793  0.80625361521846872  0.81683072550417901  0.82760654512421772
  0.83829523426555574  0.84884159025065098  0.85923472222837982  0.86975191195291124
  0.88046619909119295  0.89146457237102461  0.90267000583302492  0.91381473474223041
  0.92480091290303923  0.93556141194986564  0.94615047742274294  0.95678393434646469
  0.96741584635737843  0.97849145511646940  0.98919049849972729  1.00000000000000000
   4.2937752353052334E-005  -1.0000000000000000     
 F F F F F F F F F F F F F F F F F F F F F F F F F F F F F F F F
  <DiscreteSampler_grid>
  grouped_processes
  1 # 1 for a reference and 2 for a running grid.
  10 # Attribute 'min_bin_probing_points' of the grid.
  1 # Attribute 'grid_mode' of the grid. 1=='default',2=='initialization'
  0.0000000000000000 # Attribute 'small_contrib_threshold' of the grid.
  0.5000000000000000 # Attribute 'damping_power' of the grid.
 # binID   n_entries weight   weight_sqr   abs_weight
    10   10   1.054177189494617E+006   2.067240690398984E+012   1.054177189494617E+006
  </DiscreteSampler_grid>
