 -0.00117808169830216  0.00366339714829804  0.00852989331617741  0.01327627480798511
  0.01809839649086045  0.02305367227186098  0.02804590964534433  0.03305904599480385
  0.03808938434925786  0.04316991692911409  0.04831333321102694  0.05348288075549647
  0.05868208582155015  0.06394106339299814  0.06925535822735374  0.07460259552867586
  0.07998022742639152  0.08540629705142072  0.09092163401344620  0.09646235831999646
  0.10204060395261548  0.10770213385812784  0.11341713986281690  0.11916809751373736
  0.12496377416885272  0.13082789980761436  0.13675868762503191  0.14273061630754061
  0.14877743589048431  0.15489603072119815  0.16105675645775050  0.16727848191979355
  0.17358145825201793  0.17993954618537633  0.18635152719472012  0.19288039823769507
  0.19948906300992902  0.20616204964141463  0.21292595090729211  0.21976870661108702
  0.22667821183676418  0.23368641294669676  0.24080371583783997  0.24798070228912319
  0.25525947656315651  0.26265415403162229  0.27008620676998590  0.27771732713277264
  0.28541091388932588  0.29323890987332951  0.30119725267120662  0.30926298821387638
  0.31747006298046093  0.32580355987404536  0.33427819328170177  0.34292070618750931
  0.35170170318464555  0.36065327029290856  0.36976850169825998  0.37905686278947853
  0.38852672080330919  0.39817577829636885  0.40803639875612741  0.41810057376222959
  0.42840120262999121  0.43892489263612661  0.44971412209182665  0.46075457647236640
  0.47209114466009300  0.48370808341754767  0.49564352857136251  0.50790659529784354
  0.52055356442481604  0.53359673074586822  0.54708277691499674  0.56098662703778157
  0.57541735625754153  0.59034949598861375  0.60589108721507079  0.62200708044232311
  0.63878093788602686  0.65626981245413007  0.67454445867412349  0.69377213487283618
  0.71400705734464387  0.73519806893762141  0.75751114791218266  0.78094269851125142
  0.80563712686776923  0.83153460220596576  0.85848152728221550  0.88630627074661361
  0.91478731483242159  0.94343340570286294  0.97186780676713702  1.00000000000000000
 -0.00237700519288556  0.00914512883333860  0.01897878981160957  0.02928220048811992
  0.03950296039266584  0.04973283376874535  0.05998602595492186  0.07054365935807060
  0.08106455651266099  0.09178482221788881  0.10247167419348177  0.11325944496656454
  0.12387611270094839  0.13437557173280812  0.14502837805241831  0.15565255268868489
  0.16634655911404639  0.17701076180763647  0.18751752300989472  0.19817028262550859
  0.20876039017416148  0.21922423828898127  0.22952550432719196  0.23977476992894861
  0.25013869464927735  0.26056728935687123  0.27096116916736079  0.28148512441286505
  0.29202900064055232  0.30284518590778514  0.31365366179229542  0.32428259779252017
  0.33490079206461115  0.34569200670128308  0.35640102127592732  0.36683221054164655
  0.37731144642671938  0.38791224201731939  0.39849522692420020  0.40866090506633179
  0.41894059957286561  0.42934698188169113  0.43973967080484805  0.45006875980268912
  0.46043404863117676  0.47106517796653985  0.48169010723910805  0.49226315782810709
  0.50281337286267724  0.51321419204824847  0.52371640501747696  0.53425353068091574
  0.54470775540891680  0.55504985273735929  0.56548084429938383  0.57618674510350232
  0.58686392725759917  0.59741598643141969  0.60798541593191535  0.61868599880144881
  0.62947552329636680  0.64009965516970835  0.65080575222512860  0.66130188593386652
  0.67185631824202663  0.68223649361912986  0.69270921157217447  0.70326780212459139
  0.71376171000578081  0.72426062010558911  0.73472196614766505  0.74529014252129278
  0.75599686204212180  0.76669529379110768  0.77736731000692982  0.78785842963700370
  0.79837203962469072  0.80898602673435815  0.81980909768527255  0.83064702690766989
  0.84139721521775601  0.85202009565566483  0.86252882224263683  0.87294475975368413
  0.88335628088877838  0.89381841309438759  0.90436686711150005  0.91500090410148971
  0.92572230548976964  0.93646977366261130  0.94695372801004507  0.95748770675256478
  0.96810315723965690  0.97878873668402477  0.98935447604512250  1.00000000000000000
   2.7719280668860403E-007  -1.0000000000000000     
 F F F F F F F F F F F F F F F F F F F F F F F F F F F F F F F F
  <DiscreteSampler_grid>
  grouped_processes
  1 # 1 for a reference and 2 for a running grid.
  10 # Attribute 'min_bin_probing_points' of the grid.
  1 # Attribute 'grid_mode' of the grid. 1=='default',2=='initialization'
  0.0000000000000000 # Attribute 'small_contrib_threshold' of the grid.
  0.5000000000000000 # Attribute 'damping_power' of the grid.
 # binID   n_entries weight   weight_sqr   abs_weight
    10   10   2.219667116257440E+006   7.135647366680300E+012   2.219667116257440E+006
  </DiscreteSampler_grid>
