 -0.00359272265532207  0.01623698557781203  0.02171331466213256  0.02785285257755561
  0.03451446736992995  0.04198407750579935  0.05012926729385438  0.05904197910572452
  0.06866663658568777  0.07902212558653240  0.09004215985393312  0.10179051119838818
  0.11414662941531097  0.12711902684592211  0.14071899329970469  0.15474969590712870
  0.16929681489036943  0.18428417190658575  0.19959566788403085  0.21525578041519064
  0.23115578794919056  0.24718389283171888  0.26325110052547274  0.27935446378643980
  0.29545317100060686  0.31148127376020623  0.32741055517006207  0.34317696520690322
  0.35874856371875169  0.37411119579458807  0.38925579536357074  0.40417491036805009
  0.41886350183678345  0.43328894599218304  0.44745410598058649  0.46137503026599663
  0.47506865040896862  0.48853472439428192  0.50175889527998396  0.51472564173757795
  0.52742472324751677  0.53986750250198945  0.55207243673230844  0.56406638470191917
  0.57586108179816831  0.58746052701379103  0.59883733066884570  0.60999756836131069
  0.62097811964982619  0.63178522179794072  0.64242111821267089  0.65287800754062320
  0.66316363976038051  0.67330259467297082  0.68329165405919623  0.69311776686465509
  0.70280327011875021  0.71232019036046013  0.72169207025847859  0.73094788104435837
  0.74008039970960060  0.74901141750956635  0.75785111285284845  0.76660417329210107
  0.77523906389841879  0.78376814437889453  0.79221340775615634  0.80057455538893674
  0.80877913154207692  0.81686826639661347  0.82486679400573915  0.83278426991194021
  0.84061592004838359  0.84831489648598579  0.85594641497816781  0.86349804443989420
  0.87096690370116936  0.87835786467585231  0.88567474572120453  0.89287463900636921
  0.90002127016304012  0.90713311378730710  0.91420934995712233  0.92110872805079813
  0.92796400292252090  0.93476470651964549  0.94150499601299331  0.94817618180453422
  0.95479980293989608  0.96139680660909188  0.96796202102327933  0.97448095513734334
  0.98091680712900919  0.98730853558619669  0.99366628123836931  1.00000000000000000
 -0.00267482477455728  0.01003180770147260  0.02104404780853605  0.03230271384708625
  0.04331765365319075  0.05383886178893523  0.06437360013750938  0.07481392008905567
  0.08515357028768802  0.09557693903695062  0.10625220738060241  0.11708100115323758
  0.12772087473058161  0.13848130814026893  0.14917077292410857  0.15994378435279774
  0.17060663596864120  0.18100815606829534  0.19138398594103392  0.20153315237145952
  0.21161317258390980  0.22175259723684168  0.23215356663444892  0.24264786284551387
  0.25302527305258887  0.26350327175792509  0.27412032361524680  0.28464118026878632
  0.29486433897904885  0.30524510478302064  0.31597435751637859  0.32716191196051347
  0.33836992603884120  0.34932410250278134  0.35991048612651716  0.37001933626655148
  0.38021626032852773  0.39022731132378369  0.40046318821494997  0.41054249455266206
  0.42071144046496839  0.43072829448918271  0.44072703194360763  0.45065844857075904
  0.46061690118234466  0.47108554098056499  0.48130248976430151  0.49215465545134579
  0.50279884594940327  0.51372707309927046  0.52463289112477074  0.53550513070105599
  0.54637600039010015  0.55716086297887213  0.56788458649924201  0.57854531010827004
  0.58912067142918922  0.59972061390943876  0.61026881443805459  0.62095292027314108
  0.63130394775943821  0.64132530700579304  0.65119909164141820  0.66115862127009717
  0.67111743435529658  0.68092533331634497  0.69094654612038442  0.70131663835052271
  0.71190928424366828  0.72262355077184415  0.73343043636464100  0.74472622877502714
  0.75572924566463684  0.76680050846360348  0.77789462461349379  0.78875402402192596
  0.79905282150903723  0.80890565710210749  0.81911948375580834  0.82933131853255759
  0.83947229812491042  0.84945830060031802  0.85961005428409121  0.87037956603170252
  0.88140445828287317  0.89264012374892765  0.90359004788766706  0.91423396246777111
  0.92531967595541686  0.93671492955574243  0.94760136640727799  0.95849816521137388
  0.96915643197650447  0.97969687529840344  0.98984140095954087  1.00000000000000000
   4.2140946362363772E-005  -1.0000000000000000     
 F F F F F F F F F F F F F F F F F F F F F F F F F F F F F F F F
  <DiscreteSampler_grid>
  grouped_processes
  1 # 1 for a reference and 2 for a running grid.
  10 # Attribute 'min_bin_probing_points' of the grid.
  1 # Attribute 'grid_mode' of the grid. 1=='default',2=='initialization'
  0.0000000000000000 # Attribute 'small_contrib_threshold' of the grid.
  0.5000000000000000 # Attribute 'damping_power' of the grid.
 # binID   n_entries weight   weight_sqr   abs_weight
    10   10   5.077307511708416E+005   2.584222484865694E+011   5.077307511708416E+005
  </DiscreteSampler_grid>
