 -0.00370862018442252  0.01624572426806770  0.02172942408735935  0.02786876197997660
  0.03452584542599348  0.04199568067975500  0.05015877741063317  0.05907918620721163
  0.06871137963603635  0.07907405786491828  0.09011123808009561  0.10185891526153774
  0.11420754346769330  0.12717003516236147  0.14077120522201975  0.15482320181902476
  0.16941390057765768  0.18443432591267345  0.19977351551644967  0.21542163010281840
  0.23127577076997724  0.24724590475225069  0.26329905921870161  0.27941388039543119
  0.29551463141711398  0.31152925749623395  0.32743118101463392  0.34317717446687346
  0.35874931566702939  0.37411158363675490  0.38924177544826638  0.40413415558320442
  0.41879949247486481  0.43321539665352116  0.44738059263465174  0.46130099996855650
  0.47497792043508164  0.48841619080226156  0.50159799164328045  0.51451516265427566
  0.52719034928754083  0.53963865063243632  0.55186436026388985  0.56387343833385117
  0.57567042941663316  0.58727003979827275  0.59864208525020834  0.60981906301775357
  0.62081817834838826  0.63164445453066731  0.64230828367824599  0.65278637832474629
  0.66308129308932606  0.67323054273944394  0.68323080511618317  0.69306851613995824
  0.70276494502970455  0.71230268111169359  0.72170606880343124  0.73100024163564514
  0.74017554542862962  0.74916577301149379  0.75805229766942739  0.76683967324053548
  0.77547495835261793  0.78398221175508487  0.79239906973882146  0.80073101957876502
  0.80891454879074787  0.81700281935678964  0.82501337608903558  0.83295224893029640
  0.84081186615850967  0.84851560021915073  0.85613885519606603  0.86368754939931813
  0.87115971061715358  0.87855507156435630  0.88587311192801121  0.89308096902320089
  0.90021865257474265  0.90730566412145552  0.91435574437273270  0.92123354301717386
  0.92807963021500495  0.93487552862448753  0.94161060875942593  0.94827544498178640
  0.95488949250371380  0.96147129412445775  0.96801522986487654  0.97450710014561415
  0.98091966447244161  0.98729985801855713  0.99365710840688681  1.00000000000000000
 -0.00257116582535694  0.01014109259761597  0.02084367410376061  0.03162963637425208
  0.04247659747714614  0.05336622568550531  0.06436120666687642  0.07536258798351891
  0.08659176066950565  0.09749596894204365  0.10828463899226907  0.11907306067897903
  0.12988171176491609  0.14011787467368789  0.15006975622441851  0.16019938934052991
  0.17036613022658856  0.18066564581736153  0.19116024326917311  0.20171734510580647
  0.21222110932149554  0.22266810262138653  0.23345528366347845  0.24411296662042825
  0.25483203719489372  0.26566387408259118  0.27664111022108007  0.28761314340731636
  0.29870334340935101  0.30984153740839854  0.32072804213834594  0.33153427224320486
  0.34241535113880561  0.35332023097460280  0.36422143491438619  0.37507805083199997
  0.38599107889744344  0.39661428233855522  0.40684664936574061  0.41702991307896986
  0.42743125452764402  0.43792006788559440  0.44824542258896211  0.45846895060175413
  0.46896455215106758  0.47943103875899051  0.48974080487583493  0.50002156656482866
  0.51034200647676076  0.52082040989968137  0.53148050516434098  0.54220023979931975
  0.55305235111521500  0.56382260016881569  0.57434101704948237  0.58474267321980100
  0.59512261410346545  0.60542857478100198  0.61576154058828425  0.62624097899184672
  0.63688790873655743  0.64739247202608685  0.65785341442599687  0.66837585446272352
  0.67893900481987590  0.68940867579976406  0.70017982239260335  0.71091256671751413
  0.72152650358557024  0.73211076899854255  0.74254640480576062  0.75288146665143529
  0.76302029659014481  0.77334418995957255  0.78367067534624124  0.79370093425944677
  0.80367146174571436  0.81360801099993585  0.82373077012540730  0.83378818445145353
  0.84421958403889685  0.85482353657354093  0.86524081070620784  0.87549248011588432
  0.88561391263350275  0.89582327774170545  0.90599827173531144  0.91625062282713499
  0.92671478892575843  0.93729188312986311  0.94778958313729278  0.95809447802570835
  0.96854519430576080  0.97887000457747908  0.98949816758409426  1.00000000000000000
   4.2872489394905520E-005  -1.0000000000000000     
 F F F F F F F F F F F F F F F F F F F F F F F F F F F F F F F F
  <DiscreteSampler_grid>
  grouped_processes
  1 # 1 for a reference and 2 for a running grid.
  10 # Attribute 'min_bin_probing_points' of the grid.
  1 # Attribute 'grid_mode' of the grid. 1=='default',2=='initialization'
  0.0000000000000000 # Attribute 'small_contrib_threshold' of the grid.
  0.5000000000000000 # Attribute 'damping_power' of the grid.
 # binID   n_entries weight   weight_sqr   abs_weight
    10   10   1.003646957481514E+006   1.289533719854249E+012   1.003646957481514E+006
  </DiscreteSampler_grid>
