 -0.00365381717458996  0.01625763267470826  0.02175226558727168  0.02789713465892436
  0.03457019827456626  0.04204956384310448  0.05022226316130342  0.05914801571903711
  0.06879349505267150  0.07914126277079246  0.09015922036352488  0.10191627511380259
  0.11430185906870810  0.12729289380542566  0.14090534538559901  0.15497421072083406
  0.16959946461582431  0.18463821470594735  0.19999223681379416  0.21564186324501086
  0.23152048801919334  0.24754314927446067  0.26363280335574296  0.27975020876740125
  0.29584186363207043  0.31186741737039736  0.32776528935184912  0.34351179065649767
  0.35905903369022413  0.37438901757133491  0.38949748460243699  0.40439741457288814
  0.41909645977728699  0.43354955098436149  0.44772642226719628  0.46161848749113621
  0.47525023821843843  0.48863281822802912  0.50176734668123912  0.51466701972785822
  0.52734618920646315  0.53981989265559938  0.55206076504844492  0.56406872342798708
  0.57587901909449146  0.58750187546848531  0.59890532109394423  0.61010189851398977
  0.62111135861573508  0.63194203041906782  0.64259628598911833  0.65307401962315448
  0.66339180404305964  0.67357176602833380  0.68359505711000423  0.69343013611402526
  0.70310304117100397  0.71259399731478834  0.72195017361880220  0.73120560807167401
  0.74034846634637463  0.74931192558182169  0.75815598988546007  0.76691332556539837
  0.77553173035280365  0.78402739025231538  0.79243253876718400  0.80075217833859180
  0.80892279983450965  0.81699395592765223  0.82498694596804523  0.83290940940752278
  0.84075502930723001  0.84845712046889543  0.85606779276223399  0.86360200316163527
  0.87106153998775104  0.87844842900715336  0.88577464845343812  0.89299053632146475
  0.90015372526487103  0.90728045865181817  0.91436852473353825  0.92125605855811987
  0.92809639405149624  0.93488459501226773  0.94161521631427614  0.94826907446954167
  0.95487129910143187  0.96143352632658718  0.96795956171210340  0.97445247948860858
  0.98088288502382026  0.98727846082832571  0.99364796186372839  1.00000000000000000
 -0.00242720814683122  0.00900522817048471  0.01922359541860221  0.02948389925426009
  0.04010095621470035  0.05045564321698045  0.06098787129913266  0.07160961545034908
  0.08256469420619919  0.09371734641758396  0.10492564151152257  0.11606171489262251
  0.12700010542106627  0.13763009989175401  0.14838232246382488  0.15898592528259275
  0.16958164672091225  0.18016666187230074  0.19095666676008635  0.20181663654122223
  0.21247098424402761  0.22321783534577821  0.23356101195869522  0.24374461214220441
  0.25383599211985863  0.26390011173055566  0.27401097987330486  0.28385274859654258
  0.29385016660294550  0.30390088591564163  0.31431481440219838  0.32490318770095644
  0.33572322151587847  0.34660738135532421  0.35741617596120684  0.36814772095413095
  0.37873496593663569  0.38931718770616563  0.39983356891630567  0.41021405195993504
  0.42053340979441045  0.43080625496136227  0.44115961420408445  0.45140787068956079
  0.46145571307852484  0.47169016771985978  0.48203172266474137  0.49280222320084843
  0.50367119641242220  0.51442123041502963  0.52483173294937369  0.53480599094211734
  0.54493844669734126  0.55499180362786005  0.56506587205068226  0.57536037980274879
  0.58589460938348870  0.59683727977557255  0.60793879830752928  0.61911516974830083
  0.63007116255955053  0.64056629844651580  0.65142357907114712  0.66221762201468615
  0.67268278623850253  0.68305294375195336  0.69335039797744724  0.70378124293397615
  0.71430822590997600  0.72505462703636492  0.73592307854166383  0.74645547298957726
  0.75700578900058679  0.76751018288338835  0.77790307884102461  0.78834502913949278
  0.79891213796362570  0.80953777623642154  0.82005125746894381  0.83071296044593068
  0.84112363695616832  0.85172115905238144  0.86192132989209602  0.87222732936552627
  0.88225088381359351  0.89214222442934443  0.90222128730298945  0.91243082391879338
  0.92284270501121624  0.93353939555966370  0.94432315659188348  0.95561723490334216
  0.96678844679355158  0.97798326408903935  0.98903324393327385  1.00000000000000000
   4.2371980563474532E-005  -1.0000000000000000     
 F F F F F F F F F F F F F F F F F F F F F F F F F F F F F F F F
  <DiscreteSampler_grid>
  grouped_processes
  1 # 1 for a reference and 2 for a running grid.
  10 # Attribute 'min_bin_probing_points' of the grid.
  1 # Attribute 'grid_mode' of the grid. 1=='default',2=='initialization'
  0.0000000000000000 # Attribute 'small_contrib_threshold' of the grid.
  0.5000000000000000 # Attribute 'damping_power' of the grid.
 # binID   n_entries weight   weight_sqr   abs_weight
    10   10   1.061268093178213E+006   2.146668614431794E+012   1.061268093178213E+006
  </DiscreteSampler_grid>
