 -0.00370779659634156  0.01622423271975955  0.02169932474090166  0.02784388549721763
  0.03450780701875764  0.04198001440927807  0.05014569252750155  0.05905947806438207
  0.06869160290645833  0.07903695608421213  0.09002838566210224  0.10175706976709747
  0.11410695794905885  0.12707270477583313  0.14066012002726586  0.15472103384417063
  0.16931932373920361  0.18431561025035723  0.19962947848270482  0.21527134016596275
  0.23113436743441665  0.24714759782143905  0.26323895419906668  0.27935567781243364
  0.29545502817026315  0.31150475085278778  0.32743757423614267  0.34320866757705654
  0.35879229337369889  0.37417096333228422  0.38932101929646790  0.40423425622523113
  0.41891612263851191  0.43335774146530920  0.44754782164920365  0.46147320205370795
  0.47513815037806079  0.48855347990468800  0.50171999529074074  0.51463403367270133
  0.52730467690872174  0.53974864703209890  0.55196854494873848  0.56396851285216598
  0.57575977307757775  0.58734719059665674  0.59870998587237734  0.60984999215273916
  0.62081244973611238  0.63160893248926531  0.64224373520141265  0.65270389861609202
  0.66298585860442516  0.67310696271022896  0.68308470576790770  0.69290742933992633
  0.70257838525870397  0.71208676979164043  0.72145678403799185  0.73071235782497390
  0.73984653050087079  0.74881020102997820  0.75767001782241594  0.76643196428980442
  0.77505685054581330  0.78356763418198827  0.79199477605789470  0.80034761496484152
  0.80857426671064092  0.81668403852681226  0.82470108369603168  0.83263832642972480
  0.84049490567605789  0.84819835221019291  0.85582022945600222  0.86337536671819148
  0.87085498490494684  0.87825204447744987  0.88558268292579545  0.89280818786940974
  0.89997243365288537  0.90708611062691136  0.91414855736099110  0.92104363796644140
  0.92789204890208099  0.93468878204182160  0.94142786923494182  0.94809225951072540
  0.95470988040709259  0.96130698551664273  0.96787648177698782  0.97440207466048345
  0.98085138111352899  0.98726040660189862  0.99363983411468737  1.00000000000000000
 -0.00266265245538861  0.00953827997487129  0.02009434342659474  0.03078480473580896
  0.04139492361150097  0.05195520090139310  0.06260536424127601  0.07309061066697617
  0.08330528830504520  0.09374239026548585  0.10432175622619357  0.11497741223289161
  0.12562473927145765  0.13609257418086440  0.14669268485116210  0.15726338209861471
  0.16772042495364278  0.17827686801422521  0.18872816675369197  0.19918693612851332
  0.20983863142082365  0.22063923344592423  0.23108619485252288  0.24116931789973983
  0.25137789770028490  0.26198354916653022  0.27274080687273650  0.28329204200484964
  0.29364754897524814  0.30463150494680563  0.31530144400790078  0.32602722152523272
  0.33632107918058962  0.34656672751936846  0.35667200497137347  0.36648713098484037
  0.37636152752668961  0.38626449607150781  0.39641665355462891  0.40668296153870043
  0.41680406201987852  0.42753480040003838  0.43838594869081793  0.44946550037958100
  0.46021853355862158  0.47122007541559668  0.48228435490560995  0.49308595962527474
  0.50370313853117321  0.51382741272646881  0.52401595829079151  0.53466435383286748
  0.54513441929435191  0.55581376603965771  0.56641098277428026  0.57725442335267652
  0.58803954069316500  0.59842176756424448  0.60909897527178425  0.61962071741546731
  0.63007840638301182  0.64042305843473257  0.65055888753768398  0.66068920365454331
  0.67078621425114582  0.68083860290787845  0.69094456984077024  0.70130527492463168
  0.71231917845111337  0.72367860120030092  0.73464663053913171  0.74546225658002463
  0.75617800986622941  0.76686242486176870  0.77736847425443856  0.78790171445999346
  0.79858155026411204  0.80926846466687363  0.82035007597431020  0.83137709061668053
  0.84182483351967219  0.85227694009119526  0.86251120910121537  0.87301721378023178
  0.88400370475996704  0.89499449605584513  0.90621044428102093  0.91693351385718769
  0.92772651600991052  0.93847650171143215  0.94901962671172801  0.95933196036212098
  0.96928913970830188  0.97926263056136653  0.98950215984326018  1.00000000000000000
   4.2000319297584599E-005  -1.0000000000000000     
 F F F F F F F F F F F F F F F F F F F F F F F F F F F F F F F F
  <DiscreteSampler_grid>
  grouped_processes
  1 # 1 for a reference and 2 for a running grid.
  10 # Attribute 'min_bin_probing_points' of the grid.
  1 # Attribute 'grid_mode' of the grid. 1=='default',2=='initialization'
  0.0000000000000000 # Attribute 'small_contrib_threshold' of the grid.
  0.5000000000000000 # Attribute 'damping_power' of the grid.
 # binID   n_entries weight   weight_sqr   abs_weight
    10   10   9.979972453861429E+005   1.846489824648333E+012   9.979972453861429E+005
  </DiscreteSampler_grid>
