 -0.00339691823222965  0.01624779828224133  0.02174271561190837  0.02788265083060642
  0.03454878791340755  0.04199747727648961  0.05016615165890561  0.05908312972123612
  0.06872328316422208  0.07907035143765301  0.09008962162947319  0.10184085796820073
  0.11419101872400872  0.12716267724734087  0.14074978195296603  0.15480406854763895
  0.16939130646234360  0.18438800497460545  0.19970074302997098  0.21534832570993120
  0.23123901238430661  0.24728577411551039  0.26340351008601831  0.27952807036473809
  0.29559588925879809  0.31159488629072923  0.32749577795319779  0.34323369801921899
  0.35878641089402774  0.37412191737335160  0.38923373094131097  0.40412522510031090
  0.41880848860156505  0.43325655214505049  0.44744783041124880  0.46138501367643570
  0.47507057009414366  0.48850760558320272  0.50170098447738776  0.51463806532566980
  0.52733151310526616  0.53980410449065797  0.55202705864505741  0.56404294670996213
  0.57585942827792846  0.58748187681996833  0.59890280592487333  0.61006238263362522
  0.62103053265123775  0.63181628280317281  0.64242985484509962  0.65287646819459777
  0.66316047336617256  0.67328817532299834  0.68326473702327384  0.69308559374533307
  0.70276346120983468  0.71228958652533425  0.72169284077456608  0.73098836897356034
  0.74015636350999026  0.74914307986853446  0.75802488623512743  0.76680715282700962
  0.77543745043872214  0.78393992575816329  0.79235410563124209  0.80070085253152012
  0.80890703483956716  0.81700338208586054  0.82500958677602165  0.83293481476175180
  0.84077581820797709  0.84846176933572981  0.85606961801360171  0.86360567535723631
  0.87106138497018204  0.87843148528369752  0.88573017570978818  0.89291920582736484
  0.90005322221708595  0.90714592570762653  0.91419683495852855  0.92109925888580857
  0.92795470856016804  0.93475532187816013  0.94149572794245862  0.94816448943284226
  0.95478366467731868  0.96137768865371120  0.96793784838752039  0.97444462373463070
  0.98087358976443750  0.98726858630951220  0.99364059088870882  1.00000000000000000
 -0.00256452452932504  0.00992262511422834  0.02049423256521658  0.03111304309061956
  0.04172642633239959  0.05238673660212358  0.06324386007288817  0.07393332286334722
  0.08457107894213373  0.09507220973338254  0.10583575716820366  0.11659103577196026
  0.12756195395140343  0.13828655319730832  0.14908726794213112  0.15965296933162881
  0.17016691076863133  0.18064009754355911  0.19128623945864956  0.20147656576054837
  0.21160025222449072  0.22161143217163995  0.23208073758798070  0.24272326000692571
  0.25332685983860681  0.26412345699924256  0.27491477123746660  0.28563303366288934
  0.29636703891195715  0.30705339915824731  0.31780450486116130  0.32863923392053351
  0.33965258586454716  0.35092975095607437  0.36168160683427014  0.37192990453937846
  0.38168686838743204  0.39152721684157132  0.40147173089088445  0.41141410616810853
  0.42144660992867861  0.43170000971431416  0.44187982624883559  0.45202935106963610
  0.46224039859957011  0.47289566969941693  0.48356845025691664  0.49392118302968213
  0.50433706871491057  0.51425884980321956  0.52446332147270280  0.53510136216112536
  0.54635973171512164  0.55739893766473059  0.56833973426602846  0.57945207600206461
  0.59037817109512736  0.60140586956055131  0.61179150006504779  0.62233476672893862
  0.63279055849937860  0.64311434177440263  0.65337677622556678  0.66378751403950698
  0.67463411353778702  0.68558282304680696  0.69653254547596000  0.70759241398541983
  0.71867709585442252  0.72959860943528809  0.74054303836484647  0.75143881751184405
  0.76228658219763779  0.77299788701893413  0.78360766577391294  0.79431048548006600
  0.80500099032035155  0.81538895066880390  0.82551147944063707  0.83553104273413747
  0.84553710791837144  0.85564269056648623  0.86587432649022711  0.87607317933802609
  0.88650485317798788  0.89694141253804649  0.90750242003719250  0.91808633893563718
  0.92869991898713700  0.93917760034375630  0.94940612085916454  0.95959943295785588
  0.96998056346574679  0.98029193242123758  0.99023966665827468  1.00000000000000000
   4.2738343716806627E-005  -1.0000000000000000     
 F F F F F F F F F F F F F F F F F F F F F F F F F F F F F F F F
  <DiscreteSampler_grid>
  grouped_processes
  1 # 1 for a reference and 2 for a running grid.
  10 # Attribute 'min_bin_probing_points' of the grid.
  1 # Attribute 'grid_mode' of the grid. 1=='default',2=='initialization'
  0.0000000000000000 # Attribute 'small_contrib_threshold' of the grid.
  0.5000000000000000 # Attribute 'damping_power' of the grid.
 # binID   n_entries weight   weight_sqr   abs_weight
    10   10   5.868243660831383E+005   3.714444864485890E+011   5.868243660831383E+005
  </DiscreteSampler_grid>
