 -0.00371686782268405  0.01622930758700454  0.02169764808379066  0.02783988375295009
  0.03450755389996051  0.04197009683569908  0.05012509299723725  0.05903927628195257
  0.06867833978286089  0.07902948566409014  0.09002402707993377  0.10176170992409542
  0.11411540574904114  0.12705705905289424  0.14063722151426725  0.15468858481997552
  0.16927930772709587  0.18430499121650792  0.19965348269369268  0.21528488864315595
  0.23114314835011468  0.24713269147004879  0.26319651009085848  0.27928608323711812
  0.29536139718138082  0.31138302626923992  0.32731323573573418  0.34307391905648149
  0.35862832521216359  0.37397680034115116  0.38910263388682542  0.40400667853167849
  0.41867843538543398  0.43311177223742231  0.44729331776236420  0.46120823813084516
  0.47486359356358149  0.48827158241840435  0.50144213328514253  0.51436920934448715
  0.52704000696264841  0.53947125842090438  0.55169225208680761  0.56370780423335132
  0.57551610231547423  0.58711790497004401  0.59849233144245317  0.60966185486433411
  0.62065009140153016  0.63146414012960317  0.64210915723856943  0.65258346774402687
  0.66289042708431500  0.67303978719252922  0.68302822764917193  0.69285364851129883
  0.70252405778697691  0.71204209048503453  0.72142820786295792  0.73070704045822632
  0.73987278283155389  0.74885995360045077  0.75774221620111559  0.76653590552523765
  0.77519047707846978  0.78371739609156277  0.79214324463969588  0.80047325593657193
  0.80864889429832543  0.81672573217133315  0.82472154349676474  0.83263971735777143
  0.84047173356453453  0.84816905006956345  0.85579116405935129  0.86333904913458914
  0.87080999559351036  0.87820533573079262  0.88553610248062831  0.89275658770037458
  0.89991802093395656  0.90703382343457295  0.91410267307391846  0.92099202891653609
  0.92783815758712607  0.93463455151599184  0.94137585587670869  0.94804692269278379
  0.95467188648850221  0.96127295643230859  0.96784410461781212  0.97436765346455290
  0.98082291108955366  0.98723850708534289  0.99362670258021946  1.00000000000000000
 -0.00248858387218494  0.00927587870901534  0.01949867908081170  0.02964362147405775
  0.04007079189526453  0.05043614490871870  0.06095115268696714  0.07125590404328491
  0.08172178979790794  0.09231446120995322  0.10313743018748323  0.11386639406656433
  0.12460821492244570  0.13470872146613849  0.14473198055658695  0.15475091776344432
  0.16491645808434352  0.17537032325240598  0.18558020284144913  0.19579469461812621
  0.20609526770971628  0.21682557372068745  0.22746873691119177  0.23778639410786437
  0.24808412628004306  0.25832718708919167  0.26832795096998346  0.27832004238288383
  0.28862108424631633  0.29909912702974972  0.30977112251704036  0.32074141645778070
  0.33161822534282698  0.34228333952427387  0.35262043965526718  0.36322065739018189
  0.37401805100576785  0.38462900695907243  0.39542676062968862  0.40605746331576326
  0.41662614910752638  0.42651648288455085  0.43622247686223886  0.44619213880786585
  0.45628600839272271  0.46657780759093226  0.47693834138617242  0.48750332056737211
  0.49847076057553108  0.50884332035992985  0.51943731666082771  0.52955315577015183
  0.53958959740064905  0.54976478205009638  0.56001985720127867  0.57055507835938013
  0.58127667041883035  0.59205407549157751  0.60305341651749023  0.61380902232513024
  0.62428354050642842  0.63495898997408207  0.64580638895477827  0.65755372592076189
  0.66892483832732941  0.67988085952647659  0.69073384364172441  0.70145087295929875
  0.71216196484632821  0.72251441565671493  0.73271379323167396  0.74293066109321548
  0.75368226392556914  0.76441762714526995  0.77466215300944929  0.78465421895403498
  0.79508952666318111  0.80563234646122162  0.81609119636037797  0.82633231859201672
  0.83682730403402683  0.84774128074069977  0.85873673590355504  0.86999230728515664
  0.88137461429360853  0.89274224251602408  0.90371082155087257  0.91468618538141166
  0.92591519652656973  0.93729672199291270  0.94800668579620151  0.95862442649244062
  0.96885753818671738  0.97917200754178457  0.98935035306548580  1.00000000000000000
   4.2577777335908020E-005  -1.0000000000000000     
 F F F F F F F F F F F F F F F F F F F F F F F F F F F F F F F F
  <DiscreteSampler_grid>
  grouped_processes
  1 # 1 for a reference and 2 for a running grid.
  10 # Attribute 'min_bin_probing_points' of the grid.
  1 # Attribute 'grid_mode' of the grid. 1=='default',2=='initialization'
  0.0000000000000000 # Attribute 'small_contrib_threshold' of the grid.
  0.5000000000000000 # Attribute 'damping_power' of the grid.
 # binID   n_entries weight   weight_sqr   abs_weight
    10   10   6.731864640469408E+005   5.969017490972408E+011   6.731864640469408E+005
  </DiscreteSampler_grid>
