 -0.00371485045365229  0.01620838076443247  0.02167411319850269  0.02780853041482885
  0.03446828726980768  0.04192646540134483  0.05008090623821188  0.05898472686292209
  0.06861500461749215  0.07897165697090154  0.08997407419322864  0.10170932347607141
  0.11406427577399587  0.12703954862967504  0.14064630518149421  0.15471674881640055
  0.16931522373668606  0.18431573990882058  0.19963202621293186  0.21528785667981415
  0.23116421923644306  0.24716869545523412  0.26325263441590252  0.27937825133955402
  0.29548028031361340  0.31152005540684902  0.32744774927215220  0.34321192774272219
  0.35878065390930658  0.37413527701058191  0.38926849753251741  0.40416465758354392
  0.41882740021782028  0.43325903679971167  0.44745302669533926  0.46138361874516781
  0.47504327734625190  0.48843705081681038  0.50157860095788365  0.51447472400495753
  0.52713270838833548  0.53957430417033736  0.55178370458908610  0.56378249780755207
  0.57558943858784972  0.58720693122859213  0.59859982022466851  0.60977340979163441
  0.62075293660655151  0.63154855333621596  0.64217532393144461  0.65263224009155207
  0.66292162788516973  0.67305848385844935  0.68304623763032779  0.69287936843894482
  0.70256300201022004  0.71209304451837196  0.72149110903436020  0.73077538568002354
  0.73993477865933044  0.74891139550362096  0.75777157865491396  0.76653621562467078
  0.77516200654581391  0.78366627149545476  0.79208129442797737  0.80041558324338336
  0.80861287396020032  0.81670002124565155  0.82470127176263519  0.83263057957403197
  0.84048771804957179  0.84819653995015587  0.85582840163410490  0.86339551660369451
  0.87088188245534226  0.87827031789561216  0.88558371269332348  0.89277509723037884
  0.89991066481450932  0.90700915450889286  0.91407056436739942  0.92097605892448531
  0.92784387047735573  0.93466127590676396  0.94141832472433506  0.94809534179813582
  0.95471753420467387  0.96131291148652465  0.96787877966569436  0.97440280910276222
  0.98084783807740816  0.98725663685668663  0.99363797863328107  1.00000000000000000
 -0.00225291095806532  0.00927558621829377  0.01920250646738298  0.02983877232694466
  0.04077605383126594  0.05117978042137918  0.06179356274757454  0.07186665411658866
  0.08255908367776270  0.09303656309089609  0.10367009725875263  0.11431645757318698
  0.12508612647784648  0.13589255459374028  0.14636866645962893  0.15675591773995098
  0.16708643445182086  0.17742713987025305  0.18758525370373011  0.19821743566442887
  0.20914713183741049  0.22067775125142405  0.23210566976598215  0.24352784315555265
  0.25443466627761857  0.26519644461340441  0.27578716890880389  0.28623880020013548
  0.29680400291310571  0.30746323199478265  0.31798894562563540  0.32816396695098593
  0.33820464581361059  0.34846162069192682  0.35929736244913013  0.36982664273357058
  0.38036580500545941  0.39104020117761928  0.40232590687896436  0.41356224243993522
  0.42488659827077413  0.43603960179586143  0.44688303488142556  0.45772559978040089
  0.46855879650298565  0.47926611095074723  0.48979630418326908  0.50042923826216512
  0.51135383823836589  0.52213386721389521  0.53248408590591567  0.54254733057174420
  0.55291244220739777  0.56344815655275571  0.57428968504575495  0.58505574752273293
  0.59584409535757255  0.60648117978829186  0.61723360305013042  0.62778396540277470
  0.63847976093015191  0.64919855484701172  0.66033633743736464  0.67077919396094177
  0.68131870488474733  0.69170892839153153  0.70221661405166391  0.71256821642954238
  0.72299795897964991  0.73337912117295501  0.74376451031813251  0.75386678937418250
  0.76412336137589554  0.77411373910760106  0.78400188266164206  0.79390229980279081
  0.80390741146464950  0.81433059483072334  0.82496336437604678  0.83549230666918917
  0.84598983534296945  0.85666514997124255  0.86768009591012774  0.87856714435984562
  0.88871607152814391  0.89846552072602803  0.90818585701445309  0.91807835813137917
  0.92844248418849562  0.93859135978470254  0.94914723462212114  0.95938708914958493
  0.96933736642277923  0.97929803176581975  0.98959017954947837  1.00000000000000000
   4.2812364516040293E-005  -1.0000000000000000     
 F F F F F F F F F F F F F F F F F F F F F F F F F F F F F F F F
  <DiscreteSampler_grid>
  grouped_processes
  1 # 1 for a reference and 2 for a running grid.
  10 # Attribute 'min_bin_probing_points' of the grid.
  1 # Attribute 'grid_mode' of the grid. 1=='default',2=='initialization'
  0.0000000000000000 # Attribute 'small_contrib_threshold' of the grid.
  0.5000000000000000 # Attribute 'damping_power' of the grid.
 # binID   n_entries weight   weight_sqr   abs_weight
    10   10   7.085110028874350E+005   5.774322612736469E+011   7.085110028874350E+005
  </DiscreteSampler_grid>
