 -0.00360942129775191  0.01628834327162252  0.02180402345787658  0.02794086896497673
  0.03461527799356734  0.04208851210070426  0.05025188939871946  0.05916807801053608
  0.06880297170652144  0.07916703843299788  0.09017289554318128  0.10191139492494167
  0.11427364251775310  0.12725628473555844  0.14085653306012960  0.15490337245139749
  0.16948128941398147  0.18447695800638830  0.19979751691555808  0.21543557307645625
  0.23128889939612921  0.24727794898289165  0.26334996459008586  0.27947323140007824
  0.29557242831556846  0.31158386825031770  0.32748049819920472  0.34320748659764927
  0.35877269784663657  0.37413941109395993  0.38928748285281506  0.40421535581038492
  0.41892299871259836  0.43338801870366345  0.44758807344893881  0.46152786435809040
  0.47521764128052313  0.48865985670738704  0.50184604128998622  0.51477661921871953
  0.52746380910615220  0.53992103435320382  0.55216091652134436  0.56417331861765763
  0.57596862134491866  0.58755530027344927  0.59892214689824119  0.61009757588285007
  0.62109777280354694  0.63192193552084908  0.64257662418830552  0.65304907876746654
  0.66334382839232275  0.67348762860456579  0.68347866716973527  0.69329905553339721
  0.70295402305363941  0.71245125160800005  0.72181978167345706  0.73108139229185165
  0.74022415685902576  0.74918763255870302  0.75803030858893194  0.76678471250961988
  0.77539718012665393  0.78389684095215095  0.79232063097910144  0.80065956938154137
  0.80885115873078706  0.81694208484280106  0.82494941544987144  0.83287799610864244
  0.84072112005706723  0.84841825229091961  0.85604396915338477  0.86359991687136684
  0.87107826321014925  0.87847311249681959  0.88579413533294260  0.89299378548820885
  0.90012997891958824  0.90722423994636348  0.91428448122068484  0.92117415859498630
  0.92802602383614996  0.93482683764629970  0.94156821353315578  0.94823835243690691
  0.95485876360354560  0.96144410871643415  0.96799152222996687  0.97449149146888048
  0.98090984650635027  0.98729534296002319  0.99365630927398541  1.00000000000000000
 -0.00235845681221702  0.00921015693815834  0.01871699182748315  0.02938351782990890
  0.04025246268619944  0.05103336841453102  0.06152671754120453  0.07190721945035906
  0.08241236179924073  0.09304650619465200  0.10340048834428002  0.11401928601316821
  0.12425933755896068  0.13497532208609853  0.14594346389991486  0.15706793521492898
  0.16819071499222604  0.17875853573028141  0.18905164407302130  0.19918226042408865
  0.20917329851631530  0.21922329872119506  0.22935024503212798  0.24010863289929521
  0.25089239353725890  0.26187129528280423  0.27285216599641143  0.28393044764614739
  0.29507554794299934  0.30610164941786266  0.31699310419110965  0.32768415222115976
  0.33809587353420412  0.34835563335951414  0.35861734385788219  0.36921920209322068
  0.37960853955192975  0.39009889883151022  0.40076256784878711  0.41226710189206001
  0.42331012960128805  0.43398625590375844  0.44415585512218697  0.45424757692580991
  0.46437609599135510  0.47436659458532621  0.48464898759758829  0.49522974947330312
  0.50581451985472137  0.51642839154120845  0.52673104362478940  0.53720698678963907
  0.54760324917197534  0.55834816706811374  0.56898575404598872  0.57964068370537403
  0.59024149358454647  0.60105646885643349  0.61161899495127714  0.62230779845845585
  0.63286218610494660  0.64337465665854399  0.65372754716459902  0.66397448634735046
  0.67441332392199749  0.68488732780095152  0.69581471196124556  0.70696972438403693
  0.71699419076252136  0.72686156029939364  0.73675390098496196  0.74690062540220314
  0.75725297263074653  0.76752333223445623  0.77835321088210707  0.78928969868448373
  0.80006853093192332  0.81080053856082490  0.82137876485168937  0.83208990251676407
  0.84232545732239839  0.85273091501026410  0.86319833982072780  0.87384319977593683
  0.88420711532380170  0.89447456622711363  0.90538433743844549  0.91615799600260550
  0.92734671629819843  0.93832146371218350  0.94922064779257054  0.95972203376623499
  0.97001857594284924  0.97999240593317616  0.99002387908012257  1.00000000000000000
   4.2465745425409144E-005  -1.0000000000000000     
 F F F F F F F F F F F F F F F F F F F F F F F F F F F F F F F F
  <DiscreteSampler_grid>
  grouped_processes
  1 # 1 for a reference and 2 for a running grid.
  10 # Attribute 'min_bin_probing_points' of the grid.
  1 # Attribute 'grid_mode' of the grid. 1=='default',2=='initialization'
  0.0000000000000000 # Attribute 'small_contrib_threshold' of the grid.
  0.5000000000000000 # Attribute 'damping_power' of the grid.
 # binID   n_entries weight   weight_sqr   abs_weight
    10   10   6.185790683276620E+005   4.830448235560233E+011   6.185790683276620E+005
  </DiscreteSampler_grid>
