 -0.00337846496286087  0.01628717864680470  0.02180353952779361  0.02794234908567254
  0.03462980689994955  0.04210551025371618  0.05027023512153129  0.05918948057345117
  0.06883973088665374  0.07922305614437791  0.09026026795837415  0.10201500206021831
  0.11439586408557548  0.12738245616002794  0.14098775143874537  0.15506269739127135
  0.16967665213368954  0.18469451779849150  0.20004190353112974  0.21572732208894713
  0.23163219551214403  0.24765822921115926  0.26375456660593805  0.27988950350019670
  0.29600352164756899  0.31204293378896325  0.32796462110801261  0.34373475949808713
  0.35931532699421470  0.37467356185805850  0.38978487003821866  0.40467498625421133
  0.41935460254481233  0.43379316777697596  0.44796400262390090  0.46187459116275142
  0.47553022520377114  0.48894106657624842  0.50209839892858821  0.51499620874531704
  0.52765916347808883  0.54009524711591961  0.55231911222358610  0.56433659420412641
  0.57615439834258275  0.58776475782960746  0.59916256660197986  0.61032882165845748
  0.62131381960712817  0.63211705990347666  0.64275191809413945  0.65320456058689980
  0.66348157150013209  0.67361365327692013  0.68359270293111951  0.69340861927343855
  0.70309401593654164  0.71260891477982802  0.72198743609791372  0.73124996483609639
  0.74038138188702562  0.74933576313743822  0.75818897814281450  0.76696158465250497
  0.77560792797627409  0.78414540785993514  0.79259903347891458  0.80096667390591625
  0.80917372410889299  0.81726963906118943  0.82527975698587130  0.83321483670239094
  0.84107000342977023  0.84876820006518294  0.85638633042615064  0.86393665569361899
  0.87140773372536040  0.87878802922372823  0.88609275730268766  0.89329837151407987
  0.90044721664979055  0.90755449831553825  0.91462665840410595  0.92149105666010622
  0.92831470832576346  0.93508220427183431  0.94178696169866039  0.94842884560120633
  0.95502012958427152  0.96157325016872675  0.96808813321203091  0.97456132381589800
  0.98096832884530971  0.98733646092805072  0.99367664270179534  1.00000000000000000
 -0.00279708890467499  0.01010849973026660  0.02104967405515061  0.03178496974523239
  0.04235993033250777  0.05294975987518108  0.06357293808218452  0.07424541650491717
  0.08494370344759075  0.09566031708421123  0.10610310906207764  0.11610748965541569
  0.12615473869326554  0.13637527152313167  0.14674965730502085  0.15699904310614626
  0.16736967710881712  0.17809714451691580  0.18870618998062866  0.19896070922741613
  0.20913905746274147  0.21926046755561668  0.22950232475973470  0.23962152557329919
  0.24980101445393241  0.26012253697810794  0.27048317493441537  0.28084855353434013
  0.29127930013994935  0.30168914272725844  0.31213365375784430  0.32233043951736307
  0.33255423631593928  0.34288767494572803  0.35331695327794899  0.36383632722303155
  0.37435181885496605  0.38521954477790110  0.39638798626989297  0.40736993504561542
  0.41839749698195400  0.42939868140607151  0.44016160176734365  0.45077706540454227
  0.46154354933145353  0.47224695502902231  0.48293569487676202  0.49350252697492630
  0.50411909776206509  0.51465691271051728  0.52547827702284555  0.53618373611310077
  0.54668433351903756  0.55726460552068624  0.56798956441262316  0.57887537290721969
  0.58995275084591514  0.60101948748682754  0.61162306408028910  0.62197675118307061
  0.63238889620559335  0.64301318814553010  0.65382270864166991  0.66470746714959072
  0.67530922173833008  0.68560815245879547  0.69591118285329612  0.70639142891011475
  0.71707351524426699  0.72761063445078311  0.73803289049432708  0.74839324339912683
  0.75844069193362040  0.76825759051155973  0.77802413899282141  0.78794702605653721
  0.79789289714988876  0.80778047013873744  0.81799540897265621  0.82837226083353444
  0.83878336244016538  0.84923636300421723  0.85995448249883066  0.87075082263918224
  0.88130464387784579  0.89185474910085649  0.90253742612609911  0.91353012570752434
  0.92427879536211777  0.93497584568815695  0.94564841438165392  0.95635284196334747
  0.96700016306707126  0.97793256792013494  0.98892075975993388  1.00000000000000000
   4.3127015318653968E-005  -1.0000000000000000     
 F F F F F F F F F F F F F F F F F F F F F F F F F F F F F F F F
  <DiscreteSampler_grid>
  grouped_processes
  1 # 1 for a reference and 2 for a running grid.
  10 # Attribute 'min_bin_probing_points' of the grid.
  1 # Attribute 'grid_mode' of the grid. 1=='default',2=='initialization'
  0.0000000000000000 # Attribute 'small_contrib_threshold' of the grid.
  0.5000000000000000 # Attribute 'damping_power' of the grid.
 # binID   n_entries weight   weight_sqr   abs_weight
    10   10   9.704881992177725E+005   1.836747431961591E+012   9.704881992177725E+005
  </DiscreteSampler_grid>
