 -0.00354848579533989  0.01628157907048634  0.02177388634345041  0.02791079420445036
  0.03458216357923859  0.04206420116869957  0.05021494039678863  0.05912687628103532
  0.06876191674676582  0.07912385775123702  0.09013984972542431  0.10189851112507241
  0.11428984285981715  0.12727612023313706  0.14086350892986044  0.15489446822178707
  0.16946114204347201  0.18444166673451229  0.19975519225585733  0.21540691907557616
  0.23127690101512385  0.24727512989686690  0.26335659985121018  0.27947345606958368
  0.29557730459970788  0.31159140118883916  0.32745627443258896  0.34316810706325590
  0.35871808528691113  0.37407728861192135  0.38922522926165937  0.40414884024273079
  0.41881894264063146  0.43321074954218830  0.44732739738729455  0.46119393628110672
  0.47483419687925832  0.48824756682805964  0.50141814296557641  0.51434104649667944
  0.52703601596916583  0.53950359729191233  0.55173574591053587  0.56373723577207435
  0.57552277307387445  0.58711808380840524  0.59850825354614234  0.60969626074748740
  0.62069810209707255  0.63151267749473261  0.64215407709912009  0.65261855445035122
  0.66292381758627827  0.67310089258396077  0.68313085839723797  0.69298960183528024
  0.70267717168684329  0.71219275534351756  0.72156740172469591  0.73083622385547486
  0.73999503573402914  0.74897563985137761  0.75785492083386963  0.76663169603575376
  0.77527419288915944  0.78379932391913143  0.79223184456362716  0.80057790380506122
  0.80878211030554725  0.81686995238356586  0.82487222853639219  0.83279777681495182
  0.84063800323698445  0.84833706499449224  0.85596203039014718  0.86353164535629146
  0.87103081567764185  0.87844131428896366  0.88576789853041993  0.89297434950844445
  0.90011946278833821  0.90722426425597480  0.91429693687309033  0.92119499227927526
  0.92805322447370009  0.93484884913575672  0.94157193632883651  0.94822103820027226
  0.95481208423692987  0.96138314369603139  0.96793121023338868  0.97444360610350589
  0.98088560287533877  0.98728663764614477  0.99365529869519198  1.00000000000000000
 -0.00258667118204166  0.01006420332674829  0.02038203084259583  0.03038509260756848
  0.04055992715912323  0.05087396918199743  0.06141707881420579  0.07191714317094480
  0.08247861528266602  0.09308202587795299  0.10361679258694889  0.11423779895394311
  0.12498012198980925  0.13551298376308879  0.14610601136836429  0.15624071761983224
  0.16650044334370254  0.17710657735479335  0.18761870781328890  0.19830056092307005
  0.20902097397324199  0.22048194758216674  0.23173962782212795  0.24215530707707536
  0.25257357283930443  0.26277975023938444  0.27300050413611121  0.28294871166621566
  0.29309315078700782  0.30325939340000962  0.31332655819471733  0.32349007435963129
  0.33380125846609560  0.34447728675932848  0.35512627205459163  0.36576012886626408
  0.37662500630593893  0.38734453227480276  0.39830134135938711  0.40880683431897752
  0.41935598645242234  0.42977281718668847  0.44032620596010275  0.45101884556646055
  0.46161571941061591  0.47189449905155328  0.48220123534434961  0.49271086563427702
  0.50335458840197556  0.51411851324265434  0.52458241708244069  0.53494472528305959
  0.54545231112018588  0.55594968308755199  0.56649599583115640  0.57696421144543619
  0.58737130347462507  0.59781201440516984  0.60805051802888399  0.61844795540712827
  0.62892236958547776  0.63910416407239512  0.64914559945287631  0.65915158204310764
  0.66928703661763389  0.67951900946868804  0.68949240009811863  0.69991380089297517
  0.71055013976314430  0.72183064588223189  0.73298437289300833  0.74402486414282287
  0.75488075781974762  0.76565074914492059  0.77636927782117815  0.78717999007815576
  0.79765383849192639  0.80776942997028034  0.81761741331919868  0.82761219777111217
  0.83783269423991524  0.84787969300372923  0.85799193034489751  0.86853857795638711
  0.87953503576451697  0.89082809963184961  0.90245748555836591  0.91438915506111373
  0.92577185542857354  0.93704328663637404  0.94770811631633711  0.95814640822414932
  0.96836073689607194  0.97894316685398364  0.98942780154925947  1.00000000000000000
   4.2484599255452445E-005  -1.0000000000000000     
 F F F F F F F F F F F F F F F F F F F F F F F F F F F F F F F F
  <DiscreteSampler_grid>
  grouped_processes
  1 # 1 for a reference and 2 for a running grid.
  10 # Attribute 'min_bin_probing_points' of the grid.
  1 # Attribute 'grid_mode' of the grid. 1=='default',2=='initialization'
  0.0000000000000000 # Attribute 'small_contrib_threshold' of the grid.
  0.5000000000000000 # Attribute 'damping_power' of the grid.
 # binID   n_entries weight   weight_sqr   abs_weight
    10   10   7.115987487374784E+005   7.227151436934932E+011   7.115987487374784E+005
  </DiscreteSampler_grid>
