 -0.00121670352482191  0.00396730330997806  0.00887751743560003  0.01366994891089780
  0.01852471754098631  0.02347145898085968  0.02844745357450297  0.03344283648054314
  0.03846326025921908  0.04355320869864394  0.04870357614931033  0.05389005569046610
  0.05909387591464040  0.06435518647342724  0.06967243798861979  0.07501800111682132
  0.08039518989151455  0.08582542287890224  0.09133513877031685  0.09686722821069572
  0.10243723867657818  0.10808872005587020  0.11379311849404422  0.11953452589842323
  0.12532393755242660  0.13117394844580785  0.13707329038651653  0.14301050435482224
  0.14902386541550033  0.15512959550970412  0.16128560777280537  0.16751745623040662
  0.17382425522104458  0.18018837915835581  0.18659678792722645  0.19312455179978588
  0.19972725440529376  0.20639441442528944  0.21315180506898487  0.21997751419403255
  0.22686956373430367  0.23386372011343803  0.24097069651983319  0.24813980175882608
  0.25540373912705538  0.26277177156651510  0.27019485842981877  0.27783017107416524
  0.28553244482131096  0.29337142308222613  0.30133629104431175  0.30940890764019091
  0.31762149656759892  0.32596279494796027  0.33444104341412312  0.34307512537821860
  0.35184272082128443  0.36077471670783084  0.36986934387492260  0.37913569721496798
  0.38858817895847070  0.39823809320812126  0.40810533864658971  0.41817763022148613
  0.42848944919010307  0.43902884919974622  0.44983009923606432  0.46087710510629210
  0.47221954468165972  0.48385935821513626  0.49582613371410855  0.50811605844472751
  0.52077710137693078  0.53382561070036960  0.54732275122075225  0.56121196949412222
  0.57563659918845334  0.59053637270253712  0.60603181766345904  0.62212421446352262
  0.63890455647882738  0.65641181472399290  0.67466802481241483  0.69386752595629098
  0.71403636530457582  0.73516242542407739  0.75745109278677980  0.78088350245355087
  0.80557679259186443  0.83141567869059974  0.85834907905757651  0.88619194835902826
  0.91467663911250630  0.94335283887512411  0.97183489970009163  1.00000000000000000
 -0.00257693632121180  0.00967961385546298  0.01975515417277364  0.03029595628072560
  0.04067210679141708  0.05104464686433659  0.06164604835927977  0.07212996771071276
  0.08275318955707127  0.09344617977194224  0.10403425957359934  0.11477371198714385
  0.12534783081874401  0.13595508464714573  0.14654647524534931  0.15723156788815693
  0.16787106549748793  0.17830291293134687  0.18875259564466912  0.19911827412539265
  0.20945215557509367  0.21981195109594603  0.23027428092420535  0.24068169697069403
  0.25098310435410609  0.26158951981830159  0.27228284343560638  0.28301293612893075
  0.29349512055742338  0.30401635522306364  0.31440411677015423  0.32492784015915660
  0.33569145081605090  0.34631121463044440  0.35673541011222404  0.36697715835631806
  0.37730922545728468  0.38771191223909718  0.39813178621808543  0.40858691128575531
  0.41916392635629940  0.42979885305932025  0.44037144777742726  0.45093340605109006
  0.46156955724332399  0.47232271813917265  0.48315485442636169  0.49385393508874448
  0.50451786031428281  0.51490062874592046  0.52530538714468999  0.53574012518352132
  0.54638760011076415  0.55708572028139192  0.56750332122417224  0.57782881330350722
  0.58826403436104413  0.59877683968201245  0.60918979513576499  0.61954287041076928
  0.63004343173726007  0.64073472585651670  0.65170174792089530  0.66245244067474307
  0.67317897305857055  0.68360865728201281  0.69426288441050477  0.70505262648174494
  0.71540454704799272  0.72588504956686817  0.73621289766822706  0.74672511003761488
  0.75725677718325823  0.76775553344592595  0.77828256684542096  0.78884033870963532
  0.79945254474754912  0.81038059291815689  0.82074770540901820  0.83121149492015123
  0.84171650080571248  0.85219050225153681  0.86260129630535687  0.87288513662625522
  0.88348716109534342  0.89426562532328013  0.90466088532279576  0.91517230819412976
  0.92553460912772456  0.93628237001771530  0.94682938558077612  0.95731445927561321
  0.96787867594820609  0.97854473332616443  0.98927093543554567  1.00000000000000000
   1.1521609539241776E-006  -1.0000000000000000     
 F F F F F F F F F F F F F F F F F F F F F F F F F F F F F F F F
  <DiscreteSampler_grid>
  grouped_processes
  1 # 1 for a reference and 2 for a running grid.
  10 # Attribute 'min_bin_probing_points' of the grid.
  1 # Attribute 'grid_mode' of the grid. 1=='default',2=='initialization'
  0.0000000000000000 # Attribute 'small_contrib_threshold' of the grid.
  0.5000000000000000 # Attribute 'damping_power' of the grid.
 # binID   n_entries weight   weight_sqr   abs_weight
    10   10   2.227188271532482E+006   9.822715764883574E+012   2.227188271532482E+006
  </DiscreteSampler_grid>
