 -0.00117766633827253  0.00367935568017002  0.00855170745084284  0.01330747912272470
  0.01813189604957902  0.02307978274775712  0.02805916314367549  0.03306588414793601
  0.03809551372417042  0.04317982398809914  0.04832659580338453  0.05350155933220872
  0.05870156658870607  0.06396433282972071  0.06928621805647930  0.07463958788949844
  0.08002288478975028  0.08545212361069567  0.09096177049392019  0.09649213581405273
  0.10205350520499773  0.10770372244837267  0.11341580715233233  0.11916874523750884
  0.12496857165202063  0.13083652989269098  0.13676651613143626  0.14273263619275270
  0.14877787720835312  0.15488722160926985  0.16103997481200077  0.16726103203768161
  0.17356786468207275  0.17993713666583308  0.18635187712897952  0.19288129584100897
  0.19948319458097846  0.20614260925002115  0.21289511935417083  0.21973090554669999
  0.22663876075491829  0.23365058762135149  0.24076824327202398  0.24794559242942249
  0.25522963373617763  0.26263263027292344  0.27007622224761768  0.27772829882044553
  0.28543776001301063  0.29327784674548985  0.30124472010667175  0.30932344090965069
  0.31754730872894077  0.32589317764644410  0.33437246357118222  0.34301135747846001
  0.35178787183174054  0.36073460915510414  0.36984787111088074  0.37913816939572692
  0.38861199713769728  0.39826557030879145  0.40812574584937894  0.41819082118660017
  0.42849858118968198  0.43903923718918125  0.44985155825468132  0.46090623743832171
  0.47224237671893532  0.48385354966664573  0.49580222785300937  0.50808994536861840
  0.52073760314506634  0.53374610371174835  0.54719282308833173  0.56108533100829738
  0.57552919169157446  0.59046626936394631  0.60599282383434072  0.62208594286109442
  0.63884764380344294  0.65633745349322592  0.67461840807509998  0.69387179090916218
  0.71410286195387263  0.73528106981605024  0.75758498245839978  0.78102292530794759
  0.80572529855794917  0.83163814220735877  0.85857658972817252  0.88635747579367108
  0.91479546502960074  0.94344792951539336  0.97189103077799521  1.00000000000000000
 -0.00249248561151752  0.00973065941136198  0.01981402575167571  0.03023762044982107
  0.04066631842183700  0.05131335602648868  0.06190298828350254  0.07253039548834626
  0.08319311749059626  0.09390069000113439  0.10456174101214026  0.11519742473087448
  0.12581361040081881  0.13641119776543223  0.14688901171633501  0.15726302908323506
  0.16769834252776061  0.17821089072630222  0.18869736980184484  0.19915840199817142
  0.20967661405228610  0.22032406024660495  0.23096488147740865  0.24151149986739490
  0.25186803198808244  0.26209852494842734  0.27226869048938379  0.28246967214707391
  0.29273290503927313  0.30294855029789991  0.31335038539306587  0.32380200019279820
  0.33430443728805731  0.34479969202443539  0.35546306038073955  0.36615690325254657
  0.37665823602658216  0.38698890942535952  0.39743615849986086  0.40804067207404099
  0.41874275841316294  0.42932512042956067  0.43994078873852877  0.45050517044422422
  0.46108160524748576  0.47157252848653652  0.48187503691623829  0.49209786181476622
  0.50234532603958770  0.51289888763021196  0.52359233462793109  0.53444634580354355
  0.54514860849812186  0.55566093270502348  0.56603562155078901  0.57653988546305723
  0.58712205877965018  0.59758033838055835  0.60800233095804623  0.61852657135353906
  0.62902488609719720  0.63954596928710294  0.65002226502221983  0.66046731965003769
  0.67096018107330846  0.68136201094423343  0.69191818735243882  0.70228582321208299
  0.71294535026664196  0.72358354106891110  0.73416893528428306  0.74456434416523698
  0.75494877572528574  0.76560225048897224  0.77631329133450988  0.78710592016531666
  0.79795162335057879  0.80864343514245696  0.81928427631278167  0.82973553882783058
  0.84035325784086323  0.85106595143690167  0.86180718845162718  0.87233407085686865
  0.88276728984793307  0.89324264913384011  0.90388519627287678  0.91459434531045636
  0.92542996007862832  0.93628337658759320  0.94693573503009487  0.95765134716685119
  0.96834852652584325  0.97905049582737891  0.98956952113954111  1.00000000000000000
   2.7663465838913442E-007  -1.0000000000000000     
 F F F F F F F F F F F F F F F F F F F F F F F F F F F F F F F F
  <DiscreteSampler_grid>
  grouped_processes
  1 # 1 for a reference and 2 for a running grid.
  10 # Attribute 'min_bin_probing_points' of the grid.
  1 # Attribute 'grid_mode' of the grid. 1=='default',2=='initialization'
  0.0000000000000000 # Attribute 'small_contrib_threshold' of the grid.
  0.5000000000000000 # Attribute 'damping_power' of the grid.
 # binID   n_entries weight   weight_sqr   abs_weight
    10   10   1.792956351133168E+006   5.215702254409631E+012   1.792956351133168E+006
  </DiscreteSampler_grid>
