 -0.00369315214567736  0.01623221446042061  0.02172013713766908  0.02785726895976091
  0.03452075537304680  0.04199294468412173  0.05015330040282324  0.05907672218629938
  0.06873049870596853  0.07910186092084891  0.09011881138970873  0.10184559276016951
  0.11420090977723979  0.12718104746128361  0.14077436710135061  0.15483709112384153
  0.16943255129061874  0.18443968854105044  0.19976788361248546  0.21540641374853325
  0.23127384860064112  0.24729895397871299  0.26339861995186725  0.27952322037421501
  0.29563549715167831  0.31167254215388202  0.32759758593948890  0.34333106587570195
  0.35887108283089014  0.37421232320496889  0.38933804165382691  0.40422641590468472
  0.41887195360111062  0.43327214572515832  0.44742808247164034  0.46133134131327314
  0.47497224674482580  0.48834974998333930  0.50147146908411067  0.51434750273174745
  0.52700655860896606  0.53946720207105903  0.55170622619780563  0.56373220312585737
  0.57554955616933534  0.58715643823364549  0.59853307279907630  0.60968913173192196
  0.62067033479408018  0.63147875097480100  0.64212258493893148  0.65258733331522900
  0.66287370663152956  0.67300507169712653  0.68298365049712528  0.69280051244961072
  0.70246994836667698  0.71199018916095602  0.72138628267885441  0.73067775882705877
  0.73984462178501165  0.74881263482869020  0.75766595613870191  0.76642815885906757
  0.77506274583671020  0.78358902034049283  0.79203235676014005  0.80039416366579852
  0.80860134032649789  0.81669909143283981  0.82471117025184026  0.83264873022059571
  0.84050769456921492  0.84820993833842806  0.85583107651857504  0.86337643648115947
  0.87084153797878261  0.87822560013786466  0.88554272566942371  0.89276953261728376
  0.89993841617386661  0.90706122890741103  0.91414333069863329  0.92105993757432925
  0.92792948692902333  0.93473192711940079  0.94146097319937949  0.94812509370422005
  0.95473819202295807  0.96132440692451060  0.96787815440653613  0.97438369935354407
  0.98082940726640144  0.98724068941103194  0.99362751994276977  1.00000000000000000
 -0.00240007733168863  0.00955118990018750  0.01946684591528403  0.02999514805158805
  0.04047598581699832  0.05086239175195759  0.06121103230780080  0.07229561275684185
  0.08333905197338368  0.09391589272269890  0.10437030930437803  0.11454761617046834
  0.12458686832254649  0.13431905472087083  0.14395242999353861  0.15417751169386124
  0.16435819046692288  0.17491517911600160  0.18547906897148667  0.19587649453054662
  0.20613105994438596  0.21648900540285215  0.22684015058199222  0.23726707421337742
  0.24756452157957090  0.25826001511606866  0.26935048809885204  0.28040963474353509
  0.29136761499900765  0.30207573165672491  0.31288028897146614  0.32380646350595937
  0.33464770991306558  0.34513350392020509  0.35572998538388245  0.36604478596658241
  0.37656069642457995  0.38686546919712628  0.39742325878898210  0.40814732973259332
  0.41881834850557392  0.42930548753608805  0.43969482475486232  0.44994360094275798
  0.46043714075125741  0.47110889606109074  0.48174367598354018  0.49190377291111381
  0.50183912258460195  0.51176320183010104  0.52181371103062058  0.53183588458788567
  0.54203347845432748  0.55259600030084766  0.56327721953172893  0.57368607074368527
  0.58392104465465433  0.59414627054209412  0.60462491796387552  0.61515723427737523
  0.62555239466319512  0.63586105462893672  0.64628187783655477  0.65709814935658017
  0.66802082603813528  0.67864058049988607  0.68891177827494188  0.69909430315836651
  0.70936574414453513  0.71970893902460942  0.73019840134055980  0.74083644597739196
  0.75149727238935127  0.76215608342482344  0.77288244425057462  0.78386023796375981
  0.79472657173305261  0.80513143546578925  0.81527887239421482  0.82546344172001007
  0.83576549012216450  0.84611108356101827  0.85661147900256163  0.86761196619053493
  0.87853250084724088  0.88939240585801971  0.90034562982942312  0.91138103813580840
  0.92249438165138109  0.93356503593936890  0.94462686954334607  0.95558616399821328
  0.96674053423214912  0.97773875370329344  0.98891027496847672  1.00000000000000000
   4.2574029350587806E-005  -1.0000000000000000     
 F F F F F F F F F F F F F F F F F F F F F F F F F F F F F F F F
  <DiscreteSampler_grid>
  grouped_processes
  1 # 1 for a reference and 2 for a running grid.
  10 # Attribute 'min_bin_probing_points' of the grid.
  1 # Attribute 'grid_mode' of the grid. 1=='default',2=='initialization'
  0.0000000000000000 # Attribute 'small_contrib_threshold' of the grid.
  0.5000000000000000 # Attribute 'damping_power' of the grid.
 # binID   n_entries weight   weight_sqr   abs_weight
    10   10   1.024876454416733E+006   1.723338910030337E+012   1.024876454416733E+006
  </DiscreteSampler_grid>
