 -0.00374475176304950  0.01620668750318874  0.02166753613583229  0.02781418271061494
  0.03447983715347824  0.04193432875610882  0.05007458823837532  0.05895526929348033
  0.06857518673019269  0.07892067868746148  0.08991661178096058  0.10165551328372277
  0.11400107908546009  0.12697565746625311  0.14060022995201624  0.15467026345605070
  0.16923858668694167  0.18423226324487840  0.19953651098390404  0.21514784012984745
  0.23096714034907417  0.24694762710073553  0.26303298912292272  0.27914819468564583
  0.29523535362274905  0.31126195805783285  0.32719845906610556  0.34297488245921792
  0.35855890962377202  0.37394497650453534  0.38911227681827437  0.40404566153640031
  0.41874467306131569  0.43319512192736825  0.44737929810665789  0.46128862726047376
  0.47494063180362667  0.48835847364679713  0.50154464443341251  0.51448805628372851
  0.52717752143000496  0.53962008823638918  0.55184318595454918  0.56384007533744551
  0.57562193839183950  0.58720243926501237  0.59854571656082101  0.60968777935363216
  0.62064790668836212  0.63142726714445663  0.64204946318568834  0.65249923903061302
  0.66278071829246177  0.67292494378718670  0.68291670006237171  0.69274415753552487
  0.70241157166850088  0.71192713494677129  0.72131363308112439  0.73059612788957773
  0.73976922078821727  0.74877710290523480  0.75766266471734522  0.76644558028934351
  0.77507974426086390  0.78359244428229002  0.79201687969508316  0.80035319697723639
  0.80855920112735591  0.81665909375153711  0.82467336723584150  0.83260697343192547
  0.84045215376860294  0.84815444829160025  0.85578681088323882  0.86335263808415341
  0.87084307415579287  0.87825112149732043  0.88558002682600234  0.89278364809042454
  0.89992714495106774  0.90702848722395646  0.91408855577295878  0.92098154269422827
  0.92783709229462574  0.93464855751755849  0.94140730984066812  0.94808797150580204
  0.95471511585765290  0.96131787585243511  0.96789162315859933  0.97442139696355801
  0.98086636665385285  0.98726996915838139  0.99364406232945224  1.00000000000000000
 -0.00252580886859372  0.00959459075302439  0.01987464530078963  0.03037860648002555
  0.04082496642258387  0.05138042524168693  0.06202469572157239  0.07305857348076467
  0.08393026789548144  0.09463204271925546  0.10519743484542698  0.11592184344499275
  0.12652950457342321  0.13714999801320951  0.14762200903785708  0.15829206261977080
  0.16872260650984375  0.17905340431434935  0.18971633997205331  0.20093891608982375
  0.21174143507026447  0.22229181247405766  0.23302720190614903  0.24413995354462117
  0.25492340542985420  0.26521535828029502  0.27553413972592444  0.28598424721646354
  0.29627935412879225  0.30622481160981790  0.31633921884166372  0.32654665385850090
  0.33699989226594851  0.34763762774223894  0.35833958906659691  0.36924879614421918
  0.37978366663574298  0.39026860510375949  0.40077857534698080  0.41147090449891727
  0.42186343782228530  0.43197838388398779  0.44220418556445068  0.45277977081071563
  0.46303112016087339  0.47300802715636592  0.48314377562277611  0.49367318923666648
  0.50405379141049300  0.51401029268157761  0.52403052269394057  0.53401275880457133
  0.54390939789304682  0.55375127113216571  0.56374050494493599  0.57398810560723457
  0.58441919885025395  0.59515156789825230  0.60604690298610864  0.61687026230940001
  0.62779288833142588  0.63880451847107256  0.64981147590437938  0.66054384259060217
  0.67148555269972465  0.68239229893341391  0.69319213579558503  0.70359355186588213
  0.71438434539456119  0.72512671647054217  0.73573370477075295  0.74600087771324719
  0.75630176991039233  0.76671144032856564  0.77743589338422914  0.78798412557961517
  0.79898427413191497  0.81012438290179567  0.82154630325469558  0.83278259712309277
  0.84364096630175689  0.85438417605224681  0.86501646754853112  0.87562053567912790
  0.88623976970038332  0.89699944931259323  0.90752750663735937  0.91811296778421392
  0.92870594207618584  0.93943131971191862  0.94975435581968992  0.95991781272623111
  0.97009130916344677  0.98028769320043552  0.99025857437040232  1.00000000000000000
   4.2412994439528817E-005  -1.0000000000000000     
 F F F F F F F F F F F F F F F F F F F F F F F F F F F F F F F F
  <DiscreteSampler_grid>
  grouped_processes
  1 # 1 for a reference and 2 for a running grid.
  10 # Attribute 'min_bin_probing_points' of the grid.
  1 # Attribute 'grid_mode' of the grid. 1=='default',2=='initialization'
  0.0000000000000000 # Attribute 'small_contrib_threshold' of the grid.
  0.5000000000000000 # Attribute 'damping_power' of the grid.
 # binID   n_entries weight   weight_sqr   abs_weight
    10   10   9.424903231310463E+005   1.470025367927253E+012   9.424903231310463E+005
  </DiscreteSampler_grid>
