 -0.00357479317208620  0.01628385778556789  0.02180274427754918  0.02794103376856698
  0.03462491558287255  0.04210853953736777  0.05028518657610204  0.05920532640229557
  0.06885994682192174  0.07924964443883109  0.09029619676519444  0.10205291164408539
  0.11443392569911455  0.12742566257346716  0.14102469445396346  0.15507275789506531
  0.16967613486925265  0.18471282778709999  0.20005734197375269  0.21570807333535741
  0.23156371469283707  0.24753441348835564  0.26359855630626339  0.27971495348015307
  0.29580749847558024  0.31182115704797431  0.32772259529093051  0.34342765902439232
  0.35895446128085190  0.37428435723116754  0.38939975842539015  0.40427542930909893
  0.41893070013841355  0.43335017008955889  0.44750815061590143  0.46140831926664383
  0.47506610574604430  0.48848598824243150  0.50165776558629271  0.51456924579617813
  0.52724254055066633  0.53969916069957702  0.55193583721889650  0.56394880305461759
  0.57574071809558480  0.58732377792298751  0.59869699980262681  0.60985566662257840
  0.62084264654889088  0.63165714549950192  0.64229890738819018  0.65276306205893508
  0.66305211323998658  0.67318215086196753  0.68317294000164952  0.69301691104639807
  0.70270388944227125  0.71223116978557033  0.72162742963593296  0.73091940569152136
  0.74009333732154126  0.74907235805727668  0.75793518415072791  0.76670052661142851
  0.77533206840933122  0.78384720042569689  0.79227311411276469  0.80061697976763480
  0.80881747152149308  0.81690522041095603  0.82490997611944561  0.83284140123338468
  0.84069101200804608  0.84838386319817261  0.85600395188190992  0.86356459869397573
  0.87105409029246461  0.87845813937784178  0.88578413335340034  0.89298930673188104
  0.90012935777735148  0.90722074681013420  0.91426617161343449  0.92115485489061288
  0.92799576358278946  0.93478271534751101  0.94151117755436031  0.94816809300423655
  0.95477930072752826  0.96136521649489803  0.96792047048944063  0.97442985314206676
  0.98087081643672547  0.98727342908256588  0.99364681749704187  1.00000000000000000
 -0.00248065166345463  0.00959279696261961  0.01947410252871697  0.03009970810112356
  0.04054257190769783  0.05167967312110140  0.06269810494242004  0.07414582862335828
  0.08526959957983897  0.09621723592372632  0.10711089904689103  0.11809549077711472
  0.12894085599076541  0.13962379883206999  0.15027817501557322  0.16085391060581966
  0.17136742389774678  0.18200425807279080  0.19275345204766020  0.20354363084364802
  0.21440841163390692  0.22542634685813795  0.23590878220525091  0.24613712068399737
  0.25629997073578259  0.26650230248684170  0.27665862768369393  0.28680461013014075
  0.29666495299149526  0.30706856656018644  0.31735397768610590  0.32788372588639936
  0.33826955956359689  0.34897302746437958  0.35954775389595378  0.37050030858778754
  0.38132858003280623  0.39255311382747571  0.40339377334977972  0.41417604290974336
  0.42487425872441525  0.43567656820444500  0.44609373725783452  0.45654241047981980
  0.46712676595604058  0.47791443097313907  0.48870945150669576  0.49954109245870237
  0.51045113832370648  0.52128262854741181  0.53176255673870820  0.54251998980426819
  0.55334995780582419  0.56413449588430642  0.57487757411325346  0.58551461239981484
  0.59641546503359288  0.60700922408836466  0.61743892632066688  0.62806160815370049
  0.63874043295901572  0.64925433848958036  0.65946277745266568  0.66995449154468667
  0.68084104444987537  0.69129061077049658  0.70146977938529309  0.71173979040358359
  0.72239120151824354  0.73279359855172743  0.74276602753291698  0.75294516934945765
  0.76316354085621263  0.77338066859009980  0.78369756148329983  0.79397223155151131
  0.80465036001028489  0.81507404195526412  0.82573063841905125  0.83608247110924050
  0.84632089974205504  0.85669055760155877  0.86733093148101170  0.87785266424036046
  0.88759399689464591  0.89734604396382756  0.90722993263616347  0.91736116107431553
  0.92747706089885817  0.93744003187499314  0.94761738748067947  0.95794390548620389
  0.96851876002920534  0.97902575212726850  0.98954468827712594  1.00000000000000000
   4.2624232530444543E-005  -1.0000000000000000     
 F F F F F F F F F F F F F F F F F F F F F F F F F F F F F F F F
  <DiscreteSampler_grid>
  grouped_processes
  1 # 1 for a reference and 2 for a running grid.
  10 # Attribute 'min_bin_probing_points' of the grid.
  1 # Attribute 'grid_mode' of the grid. 1=='default',2=='initialization'
  0.0000000000000000 # Attribute 'small_contrib_threshold' of the grid.
  0.5000000000000000 # Attribute 'damping_power' of the grid.
 # binID   n_entries weight   weight_sqr   abs_weight
    10   10   7.359759690178502E+005   7.635148022880529E+011   7.359759690178502E+005
  </DiscreteSampler_grid>
