 -0.00001838577775889  0.00021912854484803  0.00062518618977093  0.00125947395013690
  0.00212955519339559  0.00320794077472872  0.00449152119604498  0.00596756243502342
  0.00763139882520330  0.00945834739813222  0.01144663608898313  0.01359743096267838
  0.01589848093502573  0.01834113026730805  0.02091325972495320  0.02360980806015192
  0.02644033934449634  0.02940305646147722  0.03248764886909634  0.03568354413251510
  0.03898688100564757  0.04241020555569043  0.04596027585500576  0.04960963710168338
  0.05335412981066497  0.05721889792690156  0.06119833268825384  0.06526508023624540
  0.06942437662895594  0.07371339036246352  0.07811086210240537  0.08256986714028254
  0.08719798380757733  0.09191027835128932  0.09670962127705110  0.10161660375912966
  0.10668716922275430  0.11178299225598476  0.11706385597122208  0.12246013997183847
  0.12792540888699258  0.13351100964359566  0.13924172156386808  0.14508236160555640
  0.15106087024944961  0.15715609225410995  0.16337135540914305  0.16969041523573963
  0.17618900008108485  0.18282160510511883  0.18957177451583698  0.19646618090095749
  0.20352386350668544  0.21073988248125802  0.21815301578112564  0.22572661095999016
  0.23344751357576510  0.24136870659095325  0.24950003985033664  0.25781571453189267
  0.26630463001567317  0.27493938865654255  0.28402286747770017  0.29325100900293999
  0.30262397053215911  0.31235999300577627  0.32247719383632523  0.33259680004158432
  0.34316394046820020  0.35434588228510833  0.36552980363895821  0.37722177989819466
  0.38947399549400580  0.40200759311157025  0.41470867003194101  0.42857444435345027
  0.44275377054859022  0.45737409487660879  0.47280141131893277  0.48901593293987317
  0.50596989525585090  0.52385800539407379  0.54275213904963959  0.56281969814262667
  0.58470141505449658  0.60796075087787260  0.63291220095451428  0.66018634543037757
  0.68988598157012448  0.72267508380237566  0.76008674916226271  0.80075151563726155
  0.84559472415097681  0.89476707748900286  0.94646226119621235  1.00000000000000000
 -0.00243635879033852  0.00899598729259374  0.01862370561875750  0.02866896563238248
  0.03883692201132972  0.04900281400850023  0.05916120493976974  0.06953300151107074
  0.08012082582494284  0.09071238718174318  0.10125689655275757  0.11203772710752180
  0.12292493368065716  0.13362163661227464  0.14420348789784554  0.15451991636824172
  0.16504229402909842  0.17540742560546890  0.18570948722255667  0.19593533737926666
  0.20621621787318178  0.21654281787361468  0.22698717380154035  0.23742862412329360
  0.24786166910782778  0.25823443396677515  0.26858230720816229  0.27901002831237587
  0.28939159635747674  0.29992077038619264  0.31033664672061917  0.32084260382670787
  0.33145011704386990  0.34212572198008462  0.35290207178698380  0.36356323726798878
  0.37431172648133959  0.38489938377436755  0.39546500467977763  0.40599196819298849
  0.41631909019443758  0.42655687880013915  0.43675155013787997  0.44705388601310769
  0.45736455530834697  0.46796704487804169  0.47863316832294411  0.48912370898430896
  0.49963860350977918  0.51016316123601069  0.52086005761447052  0.53119356853694943
  0.54154532402391831  0.55196046969882651  0.56217368351554209  0.57263171123328860
  0.58313043017802302  0.59403875746439183  0.60502070900630334  0.61610670168014536
  0.62722112998801460  0.63782605265873416  0.64857749294947786  0.65910022839324922
  0.66971951409052743  0.68010771252225111  0.69038482513347932  0.70040658757825802
  0.71080102237916609  0.72142463011528191  0.73193828481221657  0.74250439026035175
  0.75299585896385801  0.76381659534955970  0.77450295654160228  0.78547548850917803
  0.79642780949644087  0.80745340259807774  0.81832163885924980  0.82927869419230726
  0.84004543195507975  0.85077827234867764  0.86171035381481464  0.87267213705944502
  0.88380936857991887  0.89475760176184371  0.90564273786996785  0.91614902291354838
  0.92659628365602331  0.93728271558014398  0.94780119865294210  0.95819099852540834
  0.96841665175355485  0.97875436019902551  0.98936879862494331  1.00000000000000000
   2.4546147206532124E-007  -1.0000000000000000     
 F F F F F F F F F F F F F F F F F F F F F F F F F F F F F F F F
  <DiscreteSampler_grid>
  grouped_processes
  1 # 1 for a reference and 2 for a running grid.
  10 # Attribute 'min_bin_probing_points' of the grid.
  1 # Attribute 'grid_mode' of the grid. 1=='default',2=='initialization'
  0.0000000000000000 # Attribute 'small_contrib_threshold' of the grid.
  0.5000000000000000 # Attribute 'damping_power' of the grid.
 # binID   n_entries weight   weight_sqr   abs_weight
    10   10   5.135576023317981E+006   2.845465634650927E+013   5.135576023317981E+006
  </DiscreteSampler_grid>
