 -0.00001825843211183  0.00021904543251211  0.00062501978377805  0.00125846591040727
  0.00212747463513589  0.00320845683397126  0.00449200809174909  0.00596610003510352
  0.00762791410237430  0.00945363484774389  0.01144642729965933  0.01359997836483664
  0.01589662824212620  0.01833621724709087  0.02090642064528299  0.02359893238682640
  0.02642220429504500  0.02938808387820550  0.03247818037358459  0.03567869673768231
  0.03897971191548823  0.04239837141081164  0.04594576971895365  0.04959655131055912
  0.05334634922583841  0.05721339836666516  0.06118646631509621  0.06524099327295992
  0.06938512317452473  0.07366421535684553  0.07805481489094829  0.08251375827112994
  0.08715026975699566  0.09187610579527146  0.09668862838549691  0.10160114631808011
  0.10666312296869772  0.11175064898270085  0.11701817783013753  0.12240020060755230
  0.12785339544936059  0.13342070170805934  0.13912195517162623  0.14492750383019701
  0.15087600410587773  0.15695665936260955  0.16317050884099801  0.16950476265527450
  0.17601175395818514  0.18265402603849887  0.18941685388697441  0.19632135828855468
  0.20338614900771279  0.21060811113534489  0.21800568238965176  0.22555750766390911
  0.23325715208731912  0.24115265919918574  0.24926076566098801  0.25756761855556237
  0.26605684146302627  0.27468656084214182  0.28377757711354951  0.29298604616434426
  0.30232179108568241  0.31203278539308354  0.32211585930976611  0.33221156584694778
  0.34272563776454845  0.35387721351706047  0.36500114542849338  0.37664577357017875
  0.38884323309658791  0.40135331660214474  0.41412228545159063  0.42797986618738498
  0.44218520129811256  0.45684472344530058  0.47230422263762833  0.48859594229734188
  0.50569938784328239  0.52371454194910383  0.54270012522558020  0.56278954866924646
  0.58473466424370057  0.60802959169093573  0.63302782235221899  0.66032131554953932
  0.68995855341025902  0.72267269462949246  0.75992737684480405  0.80048455327475188
  0.84526798058460206  0.89446525997324378  0.94627822834174780  1.00000000000000000
 -0.00240668388199023  0.00982703805807500  0.02031422020075239  0.03043291925715106
  0.04086272206317827  0.05172370771940906  0.06250540418455608  0.07269837257461735
  0.08293395710337807  0.09368214797619973  0.10460856223245101  0.11550414554061364
  0.12637733433233697  0.13701770860544907  0.14771748951775154  0.15837220229300297
  0.16915737434419875  0.17994373961052082  0.19057937066175071  0.20143638480024983
  0.21169222791169715  0.22166361764305348  0.23138733514453819  0.24119925464873027
  0.25089223410788897  0.26150056111800385  0.27182457805392618  0.28235488191357411
  0.29269490573911694  0.30337791789208945  0.31390967126832486  0.32452348241518214
  0.33509684929219546  0.34612459388126537  0.35692439031422263  0.36782685811209925
  0.37873057243947644  0.38950681778224922  0.39980747267929817  0.40974267536501963
  0.41964083321494117  0.42934388049868766  0.43922503697729892  0.44937402400031945
  0.46015539692070045  0.47107555984066224  0.48192877949035784  0.49248698439435123
  0.50307572717899374  0.51323155356706407  0.52319511237276484  0.53325877283221257
  0.54348901867780008  0.55382986931475908  0.56410721152194532  0.57489743629394296
  0.58560094891520431  0.59654866787559324  0.60755836948004194  0.61838635113161344
  0.62913996642966175  0.63963502703880015  0.65025371949476884  0.66091731384082109
  0.67142732822429418  0.68187925183698161  0.69204879576645562  0.70255322319216940
  0.71313985752235876  0.72374566466894219  0.73410175401262379  0.74420409916081376
  0.75432868727001268  0.76444860610922472  0.77484437566806919  0.78548466965851615
  0.79612261348269453  0.80693327226204936  0.81818035276630985  0.82931653133507910
  0.84030878012402743  0.85117820284834445  0.86223265483126710  0.87314215434301257
  0.88428898768767150  0.89525913214179742  0.90583993048922673  0.91649532199629935
  0.92721436185291906  0.93785128584871302  0.94780151476331886  0.95809544280503012
  0.96858067534530379  0.97906151298867872  0.98951971185723531  1.00000000000000000
   1.1537910228053110E-006  -1.0000000000000000     
 F F F F F F F F F F F F F F F F F F F F F F F F F F F F F F F F
  <DiscreteSampler_grid>
  grouped_processes
  1 # 1 for a reference and 2 for a running grid.
  10 # Attribute 'min_bin_probing_points' of the grid.
  1 # Attribute 'grid_mode' of the grid. 1=='default',2=='initialization'
  0.0000000000000000 # Attribute 'small_contrib_threshold' of the grid.
  0.5000000000000000 # Attribute 'damping_power' of the grid.
 # binID   n_entries weight   weight_sqr   abs_weight
    10   10   6.257295914234080E+006   3.925179970129518E+013   6.257295914234080E+006
  </DiscreteSampler_grid>
