 -0.00366162517816208  0.01621613821151638  0.02168691806268972  0.02783242862765533
  0.03450244148450981  0.04197144384696582  0.05013323837058470  0.05904113449300697
  0.06868285203531163  0.07904995373708050  0.09008290569408391  0.10184463923384592
  0.11420706355792866  0.12718675052641804  0.14078706688465309  0.15485414436825803
  0.16946097787895500  0.18445977451643519  0.19976586156442677  0.21540350120958202
  0.23126911038547929  0.24728896389509880  0.26337760365021878  0.27948834846976245
  0.29557381485621925  0.31158570903582583  0.32747529042554618  0.34321126473478131
  0.35876334921024783  0.37411902159544752  0.38925669619097397  0.40416935204901494
  0.41885261207358521  0.43328569999941202  0.44745561329077144  0.46136652136664069
  0.47503037874196213  0.48845699587618796  0.50163649879659455  0.51455838825679179
  0.52722916489847327  0.53965837861714971  0.55186098197781441  0.56384703865790109
  0.57563318148623888  0.58723072170265211  0.59861859628635294  0.60981009536963371
  0.62080729637792686  0.63162072931650703  0.64226120098470796  0.65271601567089865
  0.66299884730735803  0.67314696074552538  0.68315112306707304  0.69299896370033143
  0.70269596353935238  0.71221906085205733  0.72160036110862047  0.73087216071783767
  0.74002136283932740  0.74896471843680612  0.75780840808964334  0.76656150713395765
  0.77517999449867314  0.78367720688103326  0.79207761644532226  0.80038804597118596
  0.80855811786525666  0.81662640812739684  0.82461559737413836  0.83254144922306350
  0.84040560279250642  0.84812099465619284  0.85576363217959672  0.86333357442065939
  0.87082113493564661  0.87822096591299570  0.88554618606910596  0.89276352026066663
  0.89992278127704206  0.90703829613062481  0.91411135512677522  0.92101139296143764
  0.92787370929193702  0.93468374276975452  0.94143429928958700  0.94812003823922886
  0.95475670383658784  0.96136102587993200  0.96792857911469854  0.97444815382244021
  0.98088174778790382  0.98727759888001643  0.99364684298859329  1.00000000000000000
 -0.00221939888486290  0.00908712942139161  0.01919701795615873  0.03004366634512224
  0.04065701016706937  0.05138704615500666  0.06182614556795030  0.07238244854729192
  0.08281446767201971  0.09324917521089057  0.10368220142628055  0.11411252663157610
  0.12477920555508368  0.13555671393630694  0.14614028529907191  0.15648356041787062
  0.16672018466795385  0.17663652283404027  0.18646821629009080  0.19656333219839964
  0.20695221643280626  0.21747841303661214  0.22784678094425892  0.23853427776576142
  0.24936286665675758  0.26014040818470813  0.27080358765231977  0.28151386710432319
  0.29217901149766196  0.30295004106567797  0.31357134129150899  0.32401268880601458
  0.33431399350299501  0.34444646635574305  0.35465974196491518  0.36486956443218804
  0.37525357414798538  0.38582406053776108  0.39639196172362151  0.40686878237900520
  0.41732708828390119  0.42789312105094068  0.43831434701653815  0.44864393220827486
  0.45914645427849188  0.46982286553023866  0.48049034979388155  0.49122433229904028
  0.50190378708862748  0.51295835663815292  0.52403440527096457  0.53527808886852757
  0.54611301660305867  0.55662116238251103  0.56690023912700682  0.57730579733508047
  0.58759307113900516  0.59777058977581077  0.60786898500828257  0.61816157725347853
  0.62873516030987575  0.63961697610836488  0.65056621376012025  0.66118278197378200
  0.67186247599464222  0.68237629680749690  0.69285200576808437  0.70319588671701005
  0.71378792536518110  0.72458313831932242  0.73564993239302812  0.74669260217981892
  0.75758744000311895  0.76821455863368471  0.77903763931376491  0.78985669856923935
  0.80048133349716366  0.81103758622492428  0.82136015270839680  0.83173984481991348
  0.84214551697803419  0.85248084243356792  0.86293399740179322  0.87312918158963460
  0.88337941322977953  0.89352500812525726  0.90394943999185162  0.91465046776298098
  0.92538655038415407  0.93615989869283889  0.94676557602433620  0.95750630391757097
  0.96812635911108780  0.97893968753660232  0.98956790577308995  1.00000000000000000
   4.2048390882460759E-005  -1.0000000000000000     
 F F F F F F F F F F F F F F F F F F F F F F F F F F F F F F F F
  <DiscreteSampler_grid>
  grouped_processes
  1 # 1 for a reference and 2 for a running grid.
  10 # Attribute 'min_bin_probing_points' of the grid.
  1 # Attribute 'grid_mode' of the grid. 1=='default',2=='initialization'
  0.0000000000000000 # Attribute 'small_contrib_threshold' of the grid.
  0.5000000000000000 # Attribute 'damping_power' of the grid.
 # binID   n_entries weight   weight_sqr   abs_weight
    10   10   5.691069345267753E+005   3.417492140975917E+011   5.691069345267753E+005
  </DiscreteSampler_grid>
