 -0.00347233598168370  0.01629639683180843  0.02181635446310331  0.02796072560588536
  0.03464248043367624  0.04212378103405300  0.05029570264276159  0.05922751189950461
  0.06886764949112514  0.07922553438847488  0.09023568761483337  0.10198483004374387
  0.11435138066332734  0.12732483605100064  0.14094053198337350  0.15501739246531351
  0.16962837618657439  0.18461860472746003  0.19993798986855421  0.21556366580895725
  0.23138180946805764  0.24734012994591331  0.26339585463993243  0.27949397658520048
  0.29557399042169585  0.31157691470405213  0.32746579004788490  0.34321282535759678
  0.35877427094948300  0.37413565358439282  0.38928357469594704  0.40421699851355281
  0.41891978975658767  0.43335840255479524  0.44751914929955849  0.46141206895854053
  0.47506943925164269  0.48849557563457474  0.50167563278541238  0.51460166128531770
  0.52726128148215190  0.53968528689140816  0.55187899436237653  0.56386172138096957
  0.57563177649964115  0.58719456536307602  0.59853715568601074  0.60966920181882034
  0.62063519078886153  0.63143180941991883  0.64206500908090869  0.65252001355955724
  0.66279815882444404  0.67292698690624175  0.68290639269364029  0.69273324506393419
  0.70241627138739460  0.71194359539567798  0.72133896295579458  0.73062673138027789
  0.73979698416562967  0.74878533017046056  0.75766699944119076  0.76645268680468936
  0.77509267392026160  0.78360547184009988  0.79202157548940222  0.80034816938589193
  0.80854619591971799  0.81661920992413395  0.82460573592726039  0.83252551372907435
  0.84037797098827571  0.84808294800505324  0.85570904483687060  0.86327370174176010
  0.87076633217988453  0.87817439263200314  0.88551637289358109  0.89274400392882991
  0.89990265656595825  0.90701008387745363  0.91407471934620599  0.92096925483660474
  0.92782386850344556  0.93462913255113245  0.94137853683218642  0.94805937258923834
  0.95469518409420229  0.96130270638215420  0.96787575890645305  0.97440006591301387
  0.98084625801785441  0.98725447157784563  0.99363556158632238  1.00000000000000000
 -0.00244307732509096  0.00919113775565842  0.01891229309835288  0.02922937369233330
  0.03946653523627915  0.04963105366523697  0.05963020296620330  0.06999175104480174
  0.08053450395302919  0.09086661202329425  0.10145015027794223  0.11204465296266251
  0.12256997163469389  0.13301527090448195  0.14346500874563745  0.15399414559166100
  0.16468046388619345  0.17542639006858196  0.18639527639167436  0.19711523479771015
  0.20795253722451759  0.21884733988807345  0.22970914633903905  0.24037268169021112
  0.25104892980001409  0.26195431131558561  0.27280815049824397  0.28333866481483588
  0.29366629441852049  0.30424648085573186  0.31490685114687156  0.32573693940283505
  0.33657391327400776  0.34758725389136796  0.35859871486497907  0.36960999532247535
  0.38079883073117482  0.39178952786761206  0.40269831188027383  0.41336782596744343
  0.42394033805030096  0.43425653485864751  0.44489594989396708  0.45534970403757813
  0.46573122924383947  0.47626545982577606  0.48669980434373561  0.49694426859947338
  0.50700646754517442  0.51727562609388733  0.52749939521232103  0.53791298720924152
  0.54833726757529533  0.55904846380807705  0.56938460885052955  0.57972858123365711
  0.58949643355205605  0.59926418622953637  0.60897259227555145  0.61889567633870668
  0.62878933241905011  0.63943582390817499  0.65030207537591922  0.66112192354999533
  0.67180815705047991  0.68291579565268323  0.69396013036466375  0.70477961849268367
  0.71569125910498510  0.72677994525320488  0.73793156707356189  0.74893826893527116
  0.75990268387517634  0.77057863365555412  0.78103789183846362  0.79151422917303971
  0.80149115880760458  0.81179666210789236  0.82167242613348845  0.83163895054569259
  0.84188403128240508  0.85253438540053272  0.86338967374166475  0.87392754866231914
  0.88436969640954544  0.89508157363615448  0.90616829620539219  0.91738936974984231
  0.92796534563330546  0.93844442408992867  0.94889147217503256  0.95950414889103097
  0.96964685056968347  0.97968875197871230  0.98992515720470642  1.00000000000000000
   4.2988385977544545E-005  -1.0000000000000000     
 F F F F F F F F F F F F F F F F F F F F F F F F F F F F F F F F
  <DiscreteSampler_grid>
  grouped_processes
  1 # 1 for a reference and 2 for a running grid.
  10 # Attribute 'min_bin_probing_points' of the grid.
  1 # Attribute 'grid_mode' of the grid. 1=='default',2=='initialization'
  0.0000000000000000 # Attribute 'small_contrib_threshold' of the grid.
  0.5000000000000000 # Attribute 'damping_power' of the grid.
 # binID   n_entries weight   weight_sqr   abs_weight
    10   10   6.671169175001372E+005   6.208030027662021E+011   6.671169175001372E+005
  </DiscreteSampler_grid>
