 -0.00350401928890197  0.01626556986842594  0.02175944351327128  0.02789741019194988
  0.03457812723678824  0.04206645952579268  0.05024201091768951  0.05916764293633558
  0.06880699635748351  0.07917704465760728  0.09019418606034868  0.10192844237818140
  0.11427374722335500  0.12724557140995907  0.14086541273417838  0.15493786983982547
  0.16952624695459301  0.18451923795633071  0.19983934397155534  0.21548273251105995
  0.23133140585805950  0.24731215808805762  0.26338737992277517  0.27951495709254387
  0.29560579030433337  0.31161415945301701  0.32750108884356144  0.34324990068185907
  0.35882467696984943  0.37421257978629163  0.38936990311870917  0.40427721616768475
  0.41892726513146150  0.43332191027541417  0.44745738359417181  0.46132920477569950
  0.47495348630932954  0.48834885869306965  0.50151580422071873  0.51444970829224712
  0.52714810481917829  0.53961226541904506  0.55183651893523045  0.56383941390518832
  0.57563000884431892  0.58721642581305122  0.59859213187174709  0.60975803214877311
  0.62074942576408121  0.63156659641646573  0.64221236745364230  0.65267580447037821
  0.66295763554994691  0.67307771275016082  0.68304785054047412  0.69286500035046772
  0.70253097498269557  0.71204054135079908  0.72142426699992801  0.73070044149815072
  0.73985893673078540  0.74886158697387040  0.75774227861905930  0.76651793014714142
  0.77514762643057955  0.78364851599337837  0.79205188853173691  0.80037550630277754
  0.80856827175920998  0.81665493573213999  0.82466149770232522  0.83260131329994758
  0.84047201605788346  0.84819135994114403  0.85583131901456500  0.86339940753542344
  0.87087819921784804  0.87825215982232874  0.88554482975776516  0.89272729205785040
  0.89985865389770081  0.90695385584116250  0.91401081056553213  0.92091624964497087
  0.92777924028906211  0.93458870050428977  0.94133834051797816  0.94801889726710209
  0.95464808099725262  0.96125193356087402  0.96782644618668812  0.97435774051855206
  0.98081601121801876  0.98723587495460985  0.99362730829738211  1.00000000000000000
 -0.00240279765262256  0.00945490811930539  0.01937503336247404  0.02970709000128174
  0.04007501451400135  0.05109991588471893  0.06226485464179062  0.07306105414401448
  0.08374038393338867  0.09403716382209679  0.10439839827343596  0.11493077040555419
  0.12563393966416894  0.13647672551430612  0.14707393942357477  0.15759832023916001
  0.16793138547574657  0.17863549350065297  0.18900585402875658  0.19949746738429530
  0.20967246829504638  0.22058043176697137  0.23129095760109364  0.24197287508239679
  0.25228474250547600  0.26256917893248638  0.27273347651165530  0.28323009336589283
  0.29339967727224114  0.30354132440001830  0.31369703744106570  0.32454106103416513
  0.33535787799132249  0.34579600275376154  0.35616534170994280  0.36659120260024219
  0.37667526763936338  0.38679501507510050  0.39718595699933690  0.40786782954741113
  0.41849568066217319  0.42906221383328574  0.43974896467502733  0.45033625868641530
  0.46105362054558574  0.47173760202238635  0.48271406582522086  0.49355778141411893
  0.50426876299664847  0.51449882544341186  0.52451847061461709  0.53432070331313775
  0.54430638999943926  0.55443850131576455  0.56449842379592097  0.57495573528999733
  0.58539449806142618  0.59609215221312351  0.60663511142169280  0.61684306256616972
  0.62701167027073579  0.63744779257247575  0.64819393640306966  0.65946722904886534
  0.67059320730620475  0.68150281240107347  0.69216012826334827  0.70265550740462657
  0.71309703268185309  0.72383079537475203  0.73449035630341442  0.74554341617503161
  0.75678764592378034  0.76836833453940401  0.77982399539214997  0.79100322258257272
  0.80169362647777376  0.81236084013198662  0.82314885758031586  0.83377958051305190
  0.84369119753003008  0.85353249346412785  0.86374653616022290  0.87387294975074103
  0.88383730686430007  0.89386489445360928  0.90430400038152658  0.91507691368678301
  0.92552853102382948  0.93630864596782126  0.94691305410740001  0.95727753227682033
  0.96772674257647340  0.97835202736589277  0.98912442519898103  1.00000000000000000
   4.2403887579361253E-005  -1.0000000000000000     
 F F F F F F F F F F F F F F F F F F F F F F F F F F F F F F F F
  <DiscreteSampler_grid>
  grouped_processes
  1 # 1 for a reference and 2 for a running grid.
  10 # Attribute 'min_bin_probing_points' of the grid.
  1 # Attribute 'grid_mode' of the grid. 1=='default',2=='initialization'
  0.0000000000000000 # Attribute 'small_contrib_threshold' of the grid.
  0.5000000000000000 # Attribute 'damping_power' of the grid.
 # binID   n_entries weight   weight_sqr   abs_weight
    10   10   8.830938516268202E+005   1.408495088531648E+012   8.830938516268202E+005
  </DiscreteSampler_grid>
