 -0.00001800624019026  0.00021889453539156  0.00062461797368356  0.00125892845259468
  0.00212994923000659  0.00321042595766115  0.00449571864626950  0.00597402406308712
  0.00764022827484194  0.00947014414709670  0.01146211164273466  0.01361647958685886
  0.01591866731058489  0.01836029706539493  0.02093223448279243  0.02362806723091424
  0.02645842844249639  0.02942214052125139  0.03251121483382046  0.03571319827416188
  0.03902256381923974  0.04245399303881179  0.04601080759035553  0.04966424586939197
  0.05341011720174928  0.05727646075059199  0.06125635883744414  0.06532369268180507
  0.06948639529426100  0.07377913196238226  0.07817910441578932  0.08264188128432702
  0.08728329841693114  0.09200372794432331  0.09680682223779288  0.10171543026626645
  0.10677650179936365  0.11186536828701624  0.11713926497252737  0.12252243863802811
  0.12797168616928717  0.13354089203335959  0.13925431863548943  0.14508236489529830
  0.15105429887183286  0.15715046475390160  0.16336706245029822  0.16969801876241958
  0.17621813918330426  0.18287354374219780  0.18964020739688028  0.19654794562551467
  0.20362282724611863  0.21085764233811033  0.21829109736538732  0.22587499913699552
  0.23359070610999486  0.24150557631413752  0.24963638607522740  0.25795345380127199
  0.26644343225093303  0.27507499276929864  0.28416706452353802  0.29339725538206479
  0.30277028692001956  0.31250247731842312  0.32260444101744851  0.33269776607855778
  0.34324312802118545  0.35437242981942096  0.36549760922665858  0.37713667644687776
  0.38935197141010858  0.40186656324422687  0.41455908839200106  0.42845160747099692
  0.44264290328083317  0.45729234480932279  0.47271751782371313  0.48893500284210623
  0.50591654678876985  0.52382331411495320  0.54273156468086248  0.56278019408230318
  0.58465689511678909  0.60790434064638965  0.63284506318804290  0.66008181529822807
  0.68971956234610843  0.72245237090416359  0.75974304811039406  0.80026063411359749
  0.84507654900873996  0.89429623657304802  0.94622112105401790  1.00000000000000000
 -0.00259472485788082  0.00942671370776227  0.01986746358143378  0.03061690151796924
  0.04140810091845793  0.05221144355203931  0.06341032694910419  0.07437750759454595
  0.08504803532962314  0.09564474547814264  0.10627391433529772  0.11704272559269348
  0.12765636180282053  0.13830434747616197  0.14885731422657592  0.15932470094104034
  0.16962781839957741  0.17967613223929077  0.18963987501085791  0.19959334112097696
  0.20974217986153443  0.21998187723008217  0.23026495005590353  0.24086228266931164
  0.25147602207006459  0.26225417184495931  0.27282973821236356  0.28329151049646312
  0.29363336750361463  0.30405130198535879  0.31462577889140847  0.32537620412865154
  0.33606724923194964  0.34652171959958439  0.35679972357481121  0.36694148781559333
  0.37730111047210779  0.38781205763077964  0.39842395486427401  0.40898604363932511
  0.41963137286928021  0.43029393867957255  0.44081193095298976  0.45124327560296251
  0.46164241229252301  0.47208255604533406  0.48255412448101920  0.49303000341933045
  0.50366223654161579  0.51431795449777951  0.52501099220122704  0.53582521326388077
  0.54669149645300763  0.55731785827727809  0.56776411503742263  0.57815051108378479
  0.58880256006211085  0.59934112304694565  0.60996375184762019  0.62066420865576877
  0.63139529287126883  0.64220622105831060  0.65326821451022332  0.66417328797012198
  0.67476207265818078  0.68514507233132360  0.69569036889714286  0.70622047028194401
  0.71671901179162645  0.72706014848911671  0.73729191521441051  0.74766138266808979
  0.75811562760098938  0.76888750580267751  0.77941604545479592  0.78996302841411525
  0.80033589134831706  0.81057764954351941  0.82089820012516013  0.83126029834882931
  0.84192842196368145  0.85278496727492015  0.86354689596458756  0.87434851993502438
  0.88475178807155563  0.89529741330435064  0.90549042495990117  0.91566408633535701
  0.92616226695694104  0.93675913146409973  0.94739288793953758  0.95804017512706885
  0.96862106833092598  0.97931820503993883  0.98963902909503465  1.00000000000000000
   2.4404844617209978E-007  -1.0000000000000000     
 F F F F F F F F F F F F F F F F F F F F F F F F F F F F F F F F
  <DiscreteSampler_grid>
  grouped_processes
  1 # 1 for a reference and 2 for a running grid.
  10 # Attribute 'min_bin_probing_points' of the grid.
  1 # Attribute 'grid_mode' of the grid. 1=='default',2=='initialization'
  0.0000000000000000 # Attribute 'small_contrib_threshold' of the grid.
  0.5000000000000000 # Attribute 'damping_power' of the grid.
 # binID   n_entries weight   weight_sqr   abs_weight
    10   10   6.100045522455145E+006   3.781996254866167E+013   6.100045522455145E+006
  </DiscreteSampler_grid>
