 -0.00363494369545104  0.01620780542035381  0.02167029211464043  0.02781597777377862
  0.03447654056027723  0.04194934602653049  0.05011590900826651  0.05902445081336338
  0.06865895920587886  0.07899831231869947  0.08998857325182592  0.10172127229245817
  0.11406306935090285  0.12702229319125918  0.14061602437868800  0.15466572935499404
  0.16923917551722151  0.18422189812000150  0.19953562150156343  0.21517363868212136
  0.23103399284578474  0.24703475875258860  0.26311236624482304  0.27922934482517081
  0.29533611084177225  0.31136673469148496  0.32726481741881996  0.34298530622592943
  0.35854986441553316  0.37392882313825737  0.38908994688922238  0.40401457845449995
  0.41870046726703936  0.43313721925284143  0.44731368226075369  0.46123143617434281
  0.47489922830737719  0.48831514401371334  0.50147617752432172  0.51438799838137328
  0.52705984419509766  0.53950933464684192  0.55173139796281889  0.56373467262230237
  0.57553034838480699  0.58713609049525595  0.59850507454712998  0.60967309955887505
  0.62066200759903001  0.63147811882989757  0.64212546930920922  0.65259006855417323
  0.66287797185750108  0.67301953068486498  0.68301885146756602  0.69286113262186189
  0.70252915200196830  0.71203289886574495  0.72140238688252267  0.73066467812996938
  0.73981218399631921  0.74878440684471470  0.75764832762087819  0.76641722614214913
  0.77505425195887190  0.78357314040234616  0.79199794493952425  0.80033640875945988
  0.80853654227299909  0.81662258688779465  0.82462274605495633  0.83254459345675669
  0.84037925125053869  0.84807409767154152  0.85569226046097913  0.86324458189682518
  0.87072181464917253  0.87811630303041432  0.88545056236022657  0.89266651736273239
  0.89982278589157327  0.90693352919045256  0.91399613562247461  0.92090247426863736
  0.92776835710213656  0.93458628164053970  0.94134898707184156  0.94803629347883400
  0.95467745485273359  0.96128426003938405  0.96785431931633170  0.97438037703962221
  0.98083358799054343  0.98724715462022583  0.99363227039453539  1.00000000000000000
 -0.00231712749137358  0.00867899296092193  0.01799978965145326  0.02816013480565600
  0.03848432501219420  0.04913318737589810  0.05956425159377000  0.07016276300235093
  0.08074189784648282  0.09152789571378354  0.10217274774195319  0.11259840855390106
  0.12268776010306733  0.13317489333454066  0.14379520473617963  0.15402689006522741
  0.16404411811244979  0.17449751780007980  0.18528584592521402  0.19578626053105122
  0.20588571100276767  0.21598106564096067  0.22611721444955488  0.23656900642539172
  0.24737119029884891  0.25796412922934442  0.26819087806400888  0.27856672889299872
  0.28920504696262855  0.29978417891533898  0.31008921678813434  0.32048745347324936
  0.33111966211029620  0.34143659179928287  0.35204908733322021  0.36244371819587184
  0.37277431683817547  0.38278896739702017  0.39267586493631274  0.40289766959093037
  0.41320828671156984  0.42361179083380518  0.43418334643175349  0.44485249430115187
  0.45553789061518934  0.46591631328444078  0.47629627614303660  0.48699740502998351
  0.49773566236932859  0.50834699199141253  0.51897933196335244  0.52972681747437012
  0.54037811033299743  0.55087409940396181  0.56134564650771568  0.57174121123331412
  0.58232940265370248  0.59304995926667337  0.60418755097223020  0.61536592430054049
  0.62658016578829479  0.63748898941951893  0.64843427598964853  0.65918443463461240
  0.66960825820428194  0.67960269162553588  0.68964967605339944  0.70007892828217722
  0.71064092082406238  0.72168500267634561  0.73259429271991650  0.74365156376531405
  0.75452290098324704  0.76559647514673490  0.77649667008604772  0.78726989185689900
  0.79780051650905548  0.80840353550323352  0.81884786133232124  0.82928831452601826
  0.83953277148948136  0.84975514164014909  0.86019637235105062  0.87116872070008189
  0.88195474782117023  0.89250488921599025  0.90288767298902450  0.91371049884468580
  0.92465584446148774  0.93574573891725588  0.94666228235855376  0.95735232024114092
  0.96788811353012150  0.97856281494371133  0.98913885969136017  1.00000000000000000
   4.2273173075068078E-005  -1.0000000000000000     
 F F F F F F F F F F F F F F F F F F F F F F F F F F F F F F F F
  <DiscreteSampler_grid>
  grouped_processes
  1 # 1 for a reference and 2 for a running grid.
  10 # Attribute 'min_bin_probing_points' of the grid.
  1 # Attribute 'grid_mode' of the grid. 1=='default',2=='initialization'
  0.0000000000000000 # Attribute 'small_contrib_threshold' of the grid.
  0.5000000000000000 # Attribute 'damping_power' of the grid.
 # binID   n_entries weight   weight_sqr   abs_weight
    10   10   7.013936286890209E+005   6.545563305552350E+011   7.013936286890209E+005
  </DiscreteSampler_grid>
