 -0.00361760038752480  0.01622022258207705  0.02169523885115634  0.02783394039086337
  0.03450114415871487  0.04197167632405073  0.05012721982729292  0.05903215519958473
  0.06866436588576355  0.07902149816200335  0.09004058290903454  0.10178941786304226
  0.11415975450607785  0.12714456825364726  0.14073690157220548  0.15476651157967025
  0.16934088995247659  0.18433403389098510  0.19965424787395561  0.21532007665717950
  0.23119676291702412  0.24718928873291771  0.26324184016489105  0.27935870217771469
  0.29547393295810026  0.31150392984363934  0.32741684498771939  0.34316984954872376
  0.35873803806236010  0.37409873566866803  0.38923864650620532  0.40414035917386504
  0.41880761156532426  0.43323070839296673  0.44740105937700880  0.46131932540844334
  0.47499026716374054  0.48842044631612164  0.50160438736695101  0.51452779769749657
  0.52720700174971624  0.53966952478898833  0.55189588453374283  0.56390343647207175
  0.57570157605729311  0.58729558798217896  0.59868368149824858  0.60984847558703359
  0.62083196551014408  0.63164121612109403  0.64228150961786323  0.65273770523309871
  0.66300928303611451  0.67311927907878044  0.68307947135273406  0.69288021654757825
  0.70253645298679490  0.71204937664275536  0.72144076329224649  0.73073202888272282
  0.73991092571861916  0.74891446635830272  0.75779558887473952  0.76657100189710381
  0.77520648981789719  0.78371945783459651  0.79213768349087543  0.80047176424582611
  0.80866953132313690  0.81675937268546317  0.82476295008082900  0.83269709226091138
  0.84056482369743502  0.84827234283387121  0.85590576107224781  0.86347031378101780
  0.87095863012538022  0.87836487383626372  0.88569539554854892  0.89290609842574864
  0.90005185319448577  0.90715175865131736  0.91421275858206141  0.92109936537791004
  0.92795219160317854  0.93476277838336463  0.94152031408385339  0.94819381080756171
  0.95480907002822824  0.96139426730137034  0.96794463269650222  0.97444461711913277
  0.98086807982174717  0.98726227380737208  0.99363672240709533  1.00000000000000000
 -0.00254251836545561  0.00972614176369512  0.01998325436228058  0.03078741242414133
  0.04135432853544904  0.05203017515951865  0.06233614746945446  0.07273181943782313
  0.08285249942201925  0.09346054292978741  0.10420206836601079  0.11497279007312337
  0.12585247872106695  0.13596205631587513  0.14627861830280733  0.15675886892383162
  0.16717286417301808  0.17792093478104060  0.18869518734169424  0.20019157349203820
  0.21149806820354433  0.22228255130569483  0.23301326723041454  0.24340735985915191
  0.25370695208817878  0.26418040779680968  0.27478001336884950  0.28599133951640837
  0.29724472006834307  0.30825156332468945  0.31888594441986806  0.32911244398452499
  0.33968504850305559  0.35009999004450421  0.36067264755488254  0.37089777395605433
  0.38113275345004982  0.39123230571913431  0.40154246191315668  0.41188452860524610
  0.42242872635138307  0.43277013226523681  0.44313138015733944  0.45330694793885101
  0.46352893467033052  0.47387780075557007  0.48441808218861732  0.49536994346522251
  0.50607352639932057  0.51678153638051960  0.52754805499594448  0.53879959334346383
  0.54967220229276703  0.56040065848806653  0.57094525619228531  0.58148694743095608
  0.59220526773044013  0.60293129842411730  0.61339396102458477  0.62388456763109335
  0.63438434594985027  0.64509112247901268  0.65568105733058735  0.66599166103813767
  0.67600979658394689  0.68613413394303846  0.69666883579135375  0.70747531448769696
  0.71788051725301405  0.72832028640839097  0.73873248059691932  0.74933179860332844
  0.75989578351732612  0.77005337167071808  0.78046805492254923  0.79075136017579783
  0.80087197006705968  0.81121298810903253  0.82170924833420400  0.83240072575600865
  0.84290251759461710  0.85345893060254807  0.86432896211570109  0.87520314361021156
  0.88565734098237825  0.89574033509270123  0.90626809043756007  0.91678306797389753
  0.92746229731626351  0.93819443556580129  0.94873851515984065  0.95910367209553293
  0.96917812645971180  0.97931107144572527  0.98968197869676644  1.00000000000000000
   4.3210820971669113E-005  -1.0000000000000000     
 F F F F F F F F F F F F F F F F F F F F F F F F F F F F F F F F
  <DiscreteSampler_grid>
  grouped_processes
  1 # 1 for a reference and 2 for a running grid.
  10 # Attribute 'min_bin_probing_points' of the grid.
  1 # Attribute 'grid_mode' of the grid. 1=='default',2=='initialization'
  0.0000000000000000 # Attribute 'small_contrib_threshold' of the grid.
  0.5000000000000000 # Attribute 'damping_power' of the grid.
 # binID   n_entries weight   weight_sqr   abs_weight
    10   10   1.015577327534273E+006   1.685932458606816E+012   1.015577327534273E+006
  </DiscreteSampler_grid>
