 -0.00361545038939693  0.01621478010223883  0.02168326205029900  0.02782394118830657
  0.03448304455825834  0.04193836514355061  0.05010038994077249  0.05901082491244131
  0.06864105327778927  0.07899070635021702  0.09000180964423825  0.10174656186298614
  0.11410906209561754  0.12708394598739015  0.14066389244282226  0.15469226301934116
  0.16925091493858885  0.18422005367694849  0.19951571081131472  0.21514349753952175
  0.23100109819032710  0.24698954813343502  0.26305796734732506  0.27916393383949439
  0.29525424839725922  0.31131346842301238  0.32725420630447055  0.34302997321036244
  0.35862431625955482  0.37401149384324245  0.38913201169617034  0.40400841536622506
  0.41866584120729750  0.43308230161168260  0.44723300187474258  0.46112468660196942
  0.47477400862796632  0.48818767643577993  0.50136516644701723  0.51430044965107591
  0.52699257709604985  0.53944523405663425  0.55166430082676854  0.56366035005737114
  0.57545222243881777  0.58706482197808374  0.59845585192956829  0.60962938561222479
  0.62061504179455096  0.63142221822072453  0.64206746123048697  0.65253486065192390
  0.66282751306504895  0.67297432432076876  0.68296701091863754  0.69278488192976384
  0.70244994390633941  0.71195654957646815  0.72133259176951092  0.73060362932317036
  0.73976061909503732  0.74873980547223795  0.75760135154606134  0.76636962976758005
  0.77500819139541721  0.78353445096025121  0.79197271521599455  0.80032039200635963
  0.80852889930502647  0.81662577470543329  0.82463441099463863  0.83256505078108711
  0.84041364032342858  0.84810631629744448  0.85572525003425814  0.86326628916348747
  0.87072409500846504  0.87809913642878501  0.88540868441372311  0.89261489270038596
  0.89976917554189717  0.90688660638627672  0.91396763040277340  0.92088213584097522
  0.92775548105345562  0.93457485767402226  0.94133276370814134  0.94801960809674313
  0.95465029269273993  0.96125584757812343  0.96783162445820836  0.97436277860672604
  0.98081983660709948  0.98723830717222527  0.99362840994684409  1.00000000000000000
 -0.00253761978011106  0.00982779008024000  0.01988241684877996  0.03034406594614687
  0.04067185512919797  0.05121142806123770  0.06144672912828170  0.07177890546855037
  0.08180297083043442  0.09197295507146828  0.10215758973203894  0.11253557591856468
  0.12293209001549053  0.13322430656155790  0.14366901256968248  0.15398347126543005
  0.16412022770922363  0.17420640879244653  0.18434411872774359  0.19434981596449558
  0.20413783966917121  0.21396946565020381  0.22418084977362684  0.23461866383291655
  0.24488428555947639  0.25508173046842236  0.26531989570273434  0.27580284648787373
  0.28644970211126802  0.29735277061570847  0.30827262234750480  0.31911224900852708
  0.32984760152535653  0.34055650861699782  0.35132245367955728  0.36198981390365009
  0.37266029051795463  0.38323736224962790  0.39368390705141088  0.40407655825461480
  0.41465288025981734  0.42552764965752748  0.43646106731519868  0.44702028815862366
  0.45733909566392189  0.46776214411019729  0.47819755121447166  0.48858500607961780
  0.49911312747413572  0.51001402614149904  0.52090908137114045  0.53139648298036923
  0.54170879301423136  0.55198467419850006  0.56245307222008589  0.57312094881686448
  0.58386947745871631  0.59458520389705383  0.60532152944146367  0.61632077373680272
  0.62751757762466687  0.63871564415640758  0.64982792960788704  0.66092433056490374
  0.67221992487623994  0.68355205700496502  0.69463123614779887  0.70554623314142395
  0.71641917003655942  0.72723948972661168  0.73764468392886962  0.74783831640312137
  0.75787539802702331  0.76808305365813179  0.77835458270256019  0.78881323001265236
  0.79901025855542385  0.80919214304711762  0.81964584559496201  0.83017995837793579
  0.84091185646366262  0.85184097720604723  0.86303216910006031  0.87418693700453454
  0.88484026299794272  0.89516221242860916  0.90557607825887709  0.91584609611906753
  0.92626184321115190  0.93687655574473938  0.94767621516529010  0.95856794063000506
  0.96867880574957921  0.97890879975882494  0.98920861424019879  1.00000000000000000
   4.2818614999324079E-005  -1.0000000000000000     
 F F F F F F F F F F F F F F F F F F F F F F F F F F F F F F F F
  <DiscreteSampler_grid>
  grouped_processes
  1 # 1 for a reference and 2 for a running grid.
  10 # Attribute 'min_bin_probing_points' of the grid.
  1 # Attribute 'grid_mode' of the grid. 1=='default',2=='initialization'
  0.0000000000000000 # Attribute 'small_contrib_threshold' of the grid.
  0.5000000000000000 # Attribute 'damping_power' of the grid.
 # binID   n_entries weight   weight_sqr   abs_weight
    10   10   7.368336999802908E+005   7.189867966788236E+011   7.368336999802908E+005
  </DiscreteSampler_grid>
