 -0.00130323234635742  0.00362413119224104  0.00853292561132762  0.01330629259682133
  0.01813719861341296  0.02309441862308745  0.02808346236840855  0.03309477416123982
  0.03812869318855070  0.04321773543612268  0.04836480987937795  0.05353687548365924
  0.05873286746816637  0.06399168431501913  0.06931237732493839  0.07466598419665393
  0.08004751377183807  0.08547555399933027  0.09098686809379537  0.09652571285871460
  0.10209773435764014  0.10774977609068360  0.11345379974263435  0.11919641111219320
  0.12498871761011943  0.13085398499249609  0.13678736026317484  0.14275653035754010
  0.14879934208875006  0.15490913840866116  0.16106533690752745  0.16729713520382181
  0.17361872562591663  0.17999879289417314  0.18642648903408865  0.19295929827772201
  0.19955974621913369  0.20621845748668893  0.21297058010262454  0.21980661806205357
  0.22671442402435016  0.23371857761342180  0.24082437682586816  0.24799319083472576
  0.25527665422979656  0.26268535027197204  0.27013649607317325  0.27777452971722000
  0.28547288608365973  0.29329916788233640  0.30124901734205040  0.30930438934116095
  0.31750782885879197  0.32584127787415001  0.33430945417968572  0.34293860515094665
  0.35170718373622467  0.36064859666596011  0.36975650107216140  0.37904174159891763
  0.38851436145863760  0.39816763053150550  0.40802727048811688  0.41808668251475184
  0.42838588401082833  0.43890885821630859  0.44969771099858974  0.46073114947483873
  0.47206048600905526  0.48368054698514651  0.49563617714199620  0.50790741889894542
  0.52053391657690506  0.53354283929489843  0.54700387376946191  0.56087858023727277
  0.57528376571044981  0.59019703376653887  0.60573053462003645  0.62184150695839058
  0.63860842286748243  0.65609095812138085  0.67436328464971451  0.69360831423329072
  0.71384518511435902  0.73504157480610377  0.75734874934428253  0.78079479374288463
  0.80550771231111884  0.83141595155414971  0.85839146917080378  0.88624452128728914
  0.91472417370378878  0.94338421455817478  0.97184592372373768  1.00000000000000000
 -0.00243910408942907  0.00950548488410968  0.01979193821149325  0.03028198889009978
  0.04089505463959635  0.05132508209303130  0.06184335779826928  0.07234500981165462
  0.08274242971117798  0.09313780380151758  0.10354523498600673  0.11398349787522316
  0.12441871679858456  0.13480371500187543  0.14531781756375939  0.15594507197448423
  0.16657719759056985  0.17728306020649476  0.18784459009393184  0.19851920618628238
  0.20900243468401758  0.21953734091097013  0.22985630423505682  0.24014629894946588
  0.25024678447585685  0.26049056959381733  0.27067687955801001  0.28109442833779114
  0.29156449386914846  0.30214605471671990  0.31269936791188979  0.32321891254796326
  0.33372127193459883  0.34428547511513735  0.35489943900906334  0.36533555734108425
  0.37586540904818960  0.38632920688897326  0.39689957084294902  0.40745986288559821
  0.41807338923470727  0.42871217355857982  0.43931285232944173  0.44998763324000712
  0.46074810322956722  0.47139025821761316  0.48207389739972867  0.49274052008836772
  0.50345442098243542  0.51410570089560437  0.52466916421977150  0.53506307365392014
  0.54539485051565861  0.55580463563504912  0.56646714981228619  0.57723930002971191
  0.58793542725127290  0.59848381761027380  0.60917552430135402  0.61992270838389563
  0.63059166034113445  0.64105434276600437  0.65153233367765018  0.66199050337383547
  0.67248790414995507  0.68311799889902247  0.69376798095515468  0.70448284202125755
  0.71501694986479558  0.72553655860620936  0.73608086785664217  0.74668885855907918
  0.75731130159441296  0.76782941496071722  0.77817136165674572  0.78863378291755248
  0.79913557927184276  0.80983691465370555  0.82060130277359267  0.83128684903286665
  0.84193228559424893  0.85241285737743877  0.86310809848955583  0.87378249337027047
  0.88438576959879545  0.89493288502975832  0.90551489051001532  0.91612412741955174
  0.92665337244750234  0.93710210832968754  0.94753429338392037  0.95794701708379426
  0.96833359099211347  0.97878862857539850  0.98931021746406311  1.00000000000000000
   2.7536615102261988E-007  -1.0000000000000000     
 F F F F F F F F F F F F F F F F F F F F F F F F F F F F F F F F
  <DiscreteSampler_grid>
  grouped_processes
  1 # 1 for a reference and 2 for a running grid.
  10 # Attribute 'min_bin_probing_points' of the grid.
  1 # Attribute 'grid_mode' of the grid. 1=='default',2=='initialization'
  0.0000000000000000 # Attribute 'small_contrib_threshold' of the grid.
  0.5000000000000000 # Attribute 'damping_power' of the grid.
 # binID   n_entries weight   weight_sqr   abs_weight
    10   10   1.471533411174113E+006   3.671972394755242E+012   1.471533411174113E+006
  </DiscreteSampler_grid>
