 -0.00001774877470882  0.00021924814515455  0.00062573016520317  0.00126046976229355
  0.00213192549259275  0.00320988835018386  0.00449192904344907  0.00596676508830687
  0.00763105462613026  0.00945794357999906  0.01144490393322579  0.01359583842494116
  0.01589769057575478  0.01833992478426705  0.02091109624290724  0.02360782932906825
  0.02643933955985179  0.02940556913400520  0.03249304023940915  0.03569284867776101
  0.03900011537907910  0.04242948850683091  0.04598195220813856  0.04963196232844753
  0.05337493835061168  0.05723682181784348  0.06121150282704772  0.06527352309730075
  0.06943844935914770  0.07373508871798129  0.07812808515813997  0.08258289257378355
  0.08721035063191235  0.09192816490546325  0.09673698427873026  0.10165778211886567
  0.10672904715155998  0.11181851857578207  0.11709632778724367  0.12248463397951247
  0.12794111049225809  0.13352014552113370  0.13923623156742573  0.14505137792356218
  0.15102206282779454  0.15711401667661423  0.16332595620411666  0.16964823267474080
  0.17616036649614936  0.18281318747303721  0.18958658603563958  0.19650359087812350
  0.20358113990755078  0.21081580834720207  0.21822639644522251  0.22579717662095608
  0.23351824716980765  0.24144738907381563  0.24959611854591868  0.25793654232955909
  0.26644548917723787  0.27508007673042351  0.28416624534297136  0.29337371939020862
  0.30272273258589577  0.31244023473870658  0.32252710063931295  0.33261873680818016
  0.34314884483014868  0.35429673261763017  0.36543262997606363  0.37708936231257500
  0.38930723147862800  0.40181100064621345  0.41451128675461529  0.42831423132893781
  0.44245433125551487  0.45705782259555755  0.47244837538500939  0.48864257881795364
  0.50561466143536804  0.52347095821821343  0.54227770737754288  0.56230013834757386
  0.58412251059011100  0.60737936287934480  0.63239299094438617  0.65967265617522652
  0.68932659906878035  0.72213533460868096  0.75945546983659040  0.80006383933572112
  0.84498236513009140  0.89431971412426570  0.94618831127761449  1.00000000000000000
 -0.00253374035337059  0.00944674462042441  0.01981553948332414  0.03062974124299998
  0.04140635348871210  0.05177235496666818  0.06196962900976156  0.07238722550271938
  0.08281741217860683  0.09307449724213411  0.10342522755695946  0.11398632075409067
  0.12475535636731405  0.13563386106938477  0.14644011212699873  0.15705336757644481
  0.16765923609275485  0.17826254359423130  0.18890527778971242  0.19926678300397785
  0.20956193281426347  0.22020039335028024  0.23081217960102959  0.24155367110107009
  0.25208086754681108  0.26274075207715208  0.27331821197767731  0.28387998394541453
  0.29441899263082760  0.30501407558329213  0.31552924083772604  0.32591119693435511
  0.33618718608959358  0.34643679304359504  0.35669313562552674  0.36696467802698757
  0.37742886983801138  0.38811799817261566  0.39897309032149048  0.40957078265264113
  0.42010861954361411  0.43068844362441416  0.44108541281773023  0.45156501743940852
  0.46202551628457367  0.47276499691977769  0.48338033806954583  0.49395116976729397
  0.50455999404435048  0.51505208475431452  0.52564732570542516  0.53645799702194330
  0.54734138542604194  0.55814219319197289  0.56866488764413847  0.57909471171139026
  0.58951455716936352  0.60016962854072686  0.61090846183434011  0.62168238894738392
  0.63218827172934977  0.64278236158115620  0.65326147823546654  0.66365312504712204
  0.67403002660358768  0.68447500308768194  0.69499347434666348  0.70556798400813225
  0.71586062634751402  0.72598823481832786  0.73599340457523599  0.74614439629498053
  0.75655790553983360  0.76708285043568603  0.77773164338697565  0.78824295898908003
  0.79862193744517584  0.80907799728608487  0.81949659036002431  0.83001398399367110
  0.84038365405141369  0.85089100274831708  0.86151866512206088  0.87224475541057278
  0.88327554161430633  0.89447634902570061  0.90546705633234459  0.91643868404611140
  0.92686728086462244  0.93725618563371393  0.94781227161691450  0.95838685321308603
  0.96890288267504054  0.97931232883405017  0.98975177318884522  1.00000000000000000
   2.4499190983996119E-007  -1.0000000000000000     
 F F F F F F F F F F F F F F F F F F F F F F F F F F F F F F F F
  <DiscreteSampler_grid>
  grouped_processes
  1 # 1 for a reference and 2 for a running grid.
  10 # Attribute 'min_bin_probing_points' of the grid.
  1 # Attribute 'grid_mode' of the grid. 1=='default',2=='initialization'
  0.0000000000000000 # Attribute 'small_contrib_threshold' of the grid.
  0.5000000000000000 # Attribute 'damping_power' of the grid.
 # binID   n_entries weight   weight_sqr   abs_weight
    10   10   5.241666017200558E+006   3.131226686017468E+013   5.241666017200558E+006
  </DiscreteSampler_grid>
