 -0.00354729233162616  0.01626340452597529  0.02175891653585907  0.02790159554188098
  0.03458412338474201  0.04206955096978392  0.05024205255596811  0.05916038103125949
  0.06880344816250394  0.07917614642126389  0.09019988396707783  0.10194584243293191
  0.11429697433311453  0.12726137449120967  0.14086413177196058  0.15491651103671111
  0.16951396320595738  0.18451686803861089  0.19983108900356714  0.21545816645812893
  0.23130323567818009  0.24728087345042374  0.26333649198054826  0.27942898198846705
  0.29551749561910889  0.31154585475173541  0.32747284907104141  0.34324594229806238
  0.35881995995164323  0.37417557706267429  0.38929891969449143  0.40420394499774337
  0.41886990119435052  0.43328879434269180  0.44745151996649613  0.46136132348732045
  0.47503105070903229  0.48844746834006897  0.50160296330497767  0.51450127577241178
  0.52716045961172708  0.53961117202994602  0.55184044023216505  0.56384394010095018
  0.57565028510210892  0.58726325747773833  0.59864922784632890  0.60983362303411526
  0.62083034134399773  0.63164388564466856  0.64228737332417452  0.65275016571734179
  0.66303751054510252  0.67317876657532483  0.68317564177089563  0.69301229567249145
  0.70269373689954262  0.71220855734206390  0.72159046636046720  0.73086449103932116
  0.74001952411305505  0.74899962570628142  0.75787254629875955  0.76665522565205024
  0.77530563603897518  0.78383503125312926  0.79226729180098843  0.80061074163322055
  0.80881883478541416  0.81691557234148915  0.82492514142478146  0.83286207690905656
  0.84072637412089346  0.84842850862238717  0.85605740858698176  0.86361251629084879
  0.87108856514965038  0.87848411931849446  0.88581340157833333  0.89303126035525782
  0.90018753762577963  0.90729846808691716  0.91436749362675929  0.92123625808324539
  0.92806251462990186  0.93483657719039470  0.94155249136258323  0.94819961759703386
  0.95480132471002566  0.96138110630802953  0.96793308938147948  0.97443993492800174
  0.98087822921499890  0.98727738805833098  0.99364781817649162  1.00000000000000000
 -0.00229652207836384  0.00887744592212326  0.01885435026359138  0.02918011288154114
  0.03988512922822022  0.05058602190199091  0.06115772024106743  0.07158381795135525
  0.08180196060016645  0.09253445482536475  0.10353759558343899  0.11467807092279036
  0.12525030079356117  0.13572479467028165  0.14616047140797941  0.15671004775389802
  0.16732711931874328  0.17816424857029983  0.18900772996965645  0.19945743881667935
  0.20986676173080882  0.22022897052006629  0.23070229397726413  0.24112171619343595
  0.25145400264357787  0.26247514350924328  0.27361265018089581  0.28476922945670974
  0.29571021184997914  0.30630707718439831  0.31700862166097804  0.32765815292502515
  0.33842576627363397  0.34935155442465998  0.36001915359686026  0.37054592067393693
  0.38066499644439916  0.39100027174413543  0.40150301968058810  0.41225135342033709
  0.42323945879273878  0.43421316718276137  0.44507688931388883  0.45596040525082232
  0.46626586414248594  0.47673315132539656  0.48687369710902129  0.49680332738021304
  0.50671127852590137  0.51668255892936998  0.52682469073321003  0.53719100502272288
  0.54779103928855910  0.55869153244349190  0.56942493596656696  0.57996426264375867
  0.59055578139851139  0.60104193805842043  0.61149399598659671  0.62169815016090579
  0.63224827233010084  0.64271796537723325  0.65324693382059873  0.66368761689174538
  0.67438844794863595  0.68542165845915348  0.69613082881566446  0.70679495739257980
  0.71686345638831606  0.72675773442740066  0.73662378208247192  0.74681948929267394
  0.75693657951723969  0.76733720654625670  0.77776495869197670  0.78895469873138691
  0.80004633542982118  0.81101946381078582  0.82152194701583547  0.83178451707250656
  0.84183551956692471  0.85191396307673861  0.86224337052099431  0.87256975841615614
  0.88320490138822538  0.89393661382513678  0.90479346851971931  0.91572713900583036
  0.92636723129396270  0.93709763656171885  0.94758569583056840  0.95803010512260978
  0.96858522907261335  0.97888848377142401  0.98943035693639991  1.00000000000000000
   4.3094429821412509E-005  -1.0000000000000000     
 F F F F F F F F F F F F F F F F F F F F F F F F F F F F F F F F
  <DiscreteSampler_grid>
  grouped_processes
  1 # 1 for a reference and 2 for a running grid.
  10 # Attribute 'min_bin_probing_points' of the grid.
  1 # Attribute 'grid_mode' of the grid. 1=='default',2=='initialization'
  0.0000000000000000 # Attribute 'small_contrib_threshold' of the grid.
  0.5000000000000000 # Attribute 'damping_power' of the grid.
 # binID   n_entries weight   weight_sqr   abs_weight
    10   10   5.017237720436017E+005   2.519099665040075E+011   5.017237720436017E+005
  </DiscreteSampler_grid>
