 -0.00352628721916607  0.01622900740554809  0.02171326921295750  0.02785969814055766
  0.03452688729865852  0.04198938476012995  0.05015088774902237  0.05906637518899675
  0.06870653066089320  0.07905527661680754  0.09006369976882768  0.10181270691745330
  0.11417368716403453  0.12714252391920428  0.14073150166580334  0.15477917671673624
  0.16935543470161482  0.18434866977431047  0.19967285814396679  0.21531379812733453
  0.23116546515817782  0.24714631680154542  0.26319887430021432  0.27929469212036123
  0.29538562289079762  0.31140575115279612  0.32730203097146882  0.34303156263276385
  0.35858409014574805  0.37394545936423518  0.38908348412377947  0.40399157345319925
  0.41866430638095126  0.43308323167714924  0.44723358678103953  0.46113088705183797
  0.47478254730341457  0.48819584072506733  0.50136448450010718  0.51427873701494986
  0.52695426349257102  0.53939918853122282  0.55162478161838591  0.56363899036282716
  0.57545490886164086  0.58707032517830626  0.59845788061183725  0.60964629019599370
  0.62066058984619399  0.63149461138798446  0.64215238155507459  0.65262526759979600
  0.66291820292410264  0.67305614417101656  0.68304868992604906  0.69288718466593247
  0.70256606022377244  0.71208533268539420  0.72146336613443340  0.73072573276511854
  0.73986915324130753  0.74883075251341691  0.75770574954589620  0.76649606698913741
  0.77515291676877596  0.78368646755493399  0.79212164433998722  0.80046547902870158
  0.80866680291087678  0.81675877218154092  0.82476772374425789  0.83270121046726187
  0.84055047393027515  0.84825442662887718  0.85587531079839629  0.86342583726456801
  0.87090017404319175  0.87829311917210950  0.88562064532416607  0.89283026496279028
  0.89998013765856200  0.90708782507745878  0.91415546737142972  0.92104451730144921
  0.92789997377500899  0.93470802235367367  0.94145907229234493  0.94813831188939424
  0.95476290415947629  0.96135962631877525  0.96792303844326266  0.97443786357221118
  0.98087808424195477  0.98727721938112944  0.99364725640515994  1.00000000000000000
 -0.00234548144823038  0.00994732036849847  0.02008737336065583  0.03025560678564600
  0.04039651247541912  0.05024447038737948  0.06026553581674584  0.07033699817740775
  0.08075952265706424  0.09117871274275832  0.10168948630805166  0.11188505978564044
  0.12211478924865167  0.13235107785541159  0.14293808262260066  0.15364678599081039
  0.16424376303093885  0.17475384549368206  0.18506505371407780  0.19540679764135463
  0.20564775127456136  0.21594284705506750  0.22622267718055150  0.23659280170670915
  0.24711342268893102  0.25778466595267718  0.26846279323348698  0.27900702732230975
  0.28945674811983957  0.29991795129171778  0.31039740726139631  0.32091867763173743
  0.33132057895981448  0.34201370571040229  0.35282756844032537  0.36359187226120576
  0.37417327232997122  0.38455471726409385  0.39511507320880729  0.40557705098698721
  0.41597891599790265  0.42664983390035133  0.43736924180495285  0.44830393036228161
  0.45931274827772289  0.47070207666980340  0.48201925878761553  0.49294508317065822
  0.50364863152673423  0.51425425517605494  0.52491710741251107  0.53562484118785358
  0.54650639989343863  0.55751119536430238  0.56820414481528925  0.57866376480880610
  0.58926732413996652  0.60005598495698242  0.61082500734438083  0.62128971841474390
  0.63153054149834720  0.64158401177218005  0.65158693954676783  0.66192706607511220
  0.67239786229264209  0.68303353339691963  0.69329497113597294  0.70347501897099041
  0.71329456338173980  0.72330961931769600  0.73358478990992571  0.74425275699152837
  0.75479322311286645  0.76533260169178541  0.77591066230987660  0.78671183806394906
  0.79751861792043011  0.80818969121329109  0.81905589834748460  0.83028472881467974
  0.84113813595803255  0.85157532211470899  0.86186587484718991  0.87215323164764813
  0.88254386538448826  0.89280718052763652  0.90343271410057702  0.91421033715722189
  0.92507108071807387  0.93618058507723123  0.94679962290410713  0.95746471487065599
  0.96808513836011234  0.97864932883541833  0.98926114590797998  1.00000000000000000
   4.2477165303871360E-005  -1.0000000000000000     
 F F F F F F F F F F F F F F F F F F F F F F F F F F F F F F F F
  <DiscreteSampler_grid>
  grouped_processes
  1 # 1 for a reference and 2 for a running grid.
  10 # Attribute 'min_bin_probing_points' of the grid.
  1 # Attribute 'grid_mode' of the grid. 1=='default',2=='initialization'
  0.0000000000000000 # Attribute 'small_contrib_threshold' of the grid.
  0.5000000000000000 # Attribute 'damping_power' of the grid.
 # binID   n_entries weight   weight_sqr   abs_weight
    10   10   9.119399061696164E+005   1.221306261798280E+012   9.119399061696164E+005
  </DiscreteSampler_grid>
