 -0.00359213350790160  0.01626684025932270  0.02176796474301964  0.02791120859280009
  0.03458383490742887  0.04205825640449774  0.05022001720356405  0.05913674065325319
  0.06877179312761782  0.07912376736808724  0.09012421201461085  0.10185959989544521
  0.11420724544606828  0.12717923272860321  0.14078346671659075  0.15486000417720308
  0.16946345580450622  0.18443845757689065  0.19974334355951592  0.21540415918664058
  0.23128437841410640  0.24729509379713313  0.26338399478524827  0.27953949576801990
  0.29568459522307422  0.31173698535561323  0.32763065221504295  0.34335863777640885
  0.35891273122022854  0.37426917455775482  0.38940711644115500  0.40432536677605829
  0.41901824401066484  0.43344846964369615  0.44759648683291275  0.46147389536294975
  0.47510197698254436  0.48849206145313667  0.50165719971949019  0.51459443932717419
  0.52729872127238719  0.53976168290698556  0.55198291470418748  0.56399278792317975
  0.57578743959386858  0.58736528726300574  0.59872725462558807  0.60986720475607969
  0.62084162957616762  0.63165732159949706  0.64230874254018877  0.65277982145713853
  0.66307259343121538  0.67320912800881816  0.68319480133481159  0.69301530304592263
  0.70268182626453768  0.71218001014664711  0.72154196795188019  0.73080647413150346
  0.73997262035798517  0.74896573663731703  0.75786475400459674  0.76666297648441384
  0.77532078974814855  0.78385379320494419  0.79228871465961026  0.80063266615598550
  0.80884623412109824  0.81693959711755182  0.82494757254543094  0.83288026509860380
  0.84072814483994884  0.84843664033995725  0.85607045349255062  0.86362982723984660
  0.87110888967987510  0.87850496586073157  0.88582445243739472  0.89303236689925403
  0.90018174505147452  0.90728884560885914  0.91435599069423590  0.92122287902919886
  0.92804962074080721  0.93483017288018888  0.94156010996720363  0.94822682642980982
  0.95484731601757922  0.96143295542315921  0.96797975584789187  0.97447680858592878
  0.98090395648487627  0.98729288835076989  0.99365457238573962  1.00000000000000000
 -0.00227617697978928  0.00896010442467495  0.01860074483003324  0.02835851066478510
  0.03830275250759146  0.04821140875380185  0.05857655180281622  0.06892623099300943
  0.07955500836096169  0.09024178071362872  0.10122798880770556  0.11189719926845371
  0.12211763586099242  0.13264263463544473  0.14325238627363263  0.15370889470538610
  0.16414395802753257  0.17457098302184729  0.18521715054867965  0.19562019167129657
  0.20603367085149829  0.21632437048951805  0.22629359486999107  0.23632102355704890
  0.24655878020080024  0.25682525789745053  0.26724317462505387  0.27795064479171694
  0.28867209927750725  0.29899226916604310  0.30926733939439649  0.31995941310069137
  0.33066914304998307  0.34091772302223106  0.35106129603939717  0.36147110752182754
  0.37214326166073108  0.38273781195381540  0.39318180092972749  0.40359038720351498
  0.41356774145780290  0.42343276034168309  0.43324478120431448  0.44356293671147751
  0.45447200292791851  0.46562569260699616  0.47694851830489593  0.48787606948283246
  0.49876174343815838  0.50938767156870335  0.52025867621515554  0.53102617165567001
  0.54206764734812984  0.55337588221123357  0.56436811316774915  0.57528702594022796
  0.58587137696743863  0.59649022947749397  0.60694834762088212  0.61740713498220634
  0.62811406368813139  0.63901103491979960  0.64994452338359920  0.66065408147338700
  0.67107849276461828  0.68137163867813166  0.69176373575462258  0.70227594647552516
  0.71285195476899776  0.72349291059689214  0.73389174123436152  0.74430818697640955
  0.75451208771456069  0.76462769164288702  0.77464214154094369  0.78481115723049322
  0.79508370593078115  0.80558416336736860  0.81623231183972123  0.82732074162125391
  0.83844841364195544  0.84974832111585019  0.86099720783983413  0.87217412694757057
  0.88274153109534892  0.89310303948304071  0.90345952791102968  0.91388840032118046
  0.92407109159051848  0.93424059187789243  0.94458042304292233  0.95523627630460084
  0.96599075514943111  0.97718721778818451  0.98849981262724462  1.00000000000000000
   4.2557096175741835E-005  -1.0000000000000000     
 F F F F F F F F F F F F F F F F F F F F F F F F F F F F F F F F
  <DiscreteSampler_grid>
  grouped_processes
  1 # 1 for a reference and 2 for a running grid.
  10 # Attribute 'min_bin_probing_points' of the grid.
  1 # Attribute 'grid_mode' of the grid. 1=='default',2=='initialization'
  0.0000000000000000 # Attribute 'small_contrib_threshold' of the grid.
  0.5000000000000000 # Attribute 'damping_power' of the grid.
 # binID   n_entries weight   weight_sqr   abs_weight
    10   10   6.670000755109498E+005   6.081287156841995E+011   6.670000755109498E+005
  </DiscreteSampler_grid>
