 -0.00131457768752929  0.00356410977463350  0.00846355034895602  0.01322389185796499
  0.01804242742246543  0.02299607791338289  0.02798510066588100  0.03299714983061647
  0.03803362765238795  0.04312161085161978  0.04826737175680577  0.05343947585889121
  0.05863289297604429  0.06388899986601386  0.06920446040835236  0.07454723126568738
  0.07991709953614909  0.08533861093176145  0.09085115867049651  0.09639319245746591
  0.10195839560431795  0.10759783527306614  0.11329750904476649  0.11904400309468995
  0.12484075837057297  0.13070720793908414  0.13663959783299975  0.14260486995255489
  0.14864336394128419  0.15475652111362509  0.16091866166563729  0.16715131915580236
  0.17346903882731615  0.17984388814515634  0.18626578275189076  0.19279857348884910
  0.19940449293042822  0.20607094987375163  0.21283148929366499  0.21967263866018175
  0.22657686322807827  0.23357289918303217  0.24067550172982846  0.24784015581286387
  0.25511353542585241  0.26251182721774324  0.26995384870686467  0.27760728965782699
  0.28531420192950979  0.29315015656097410  0.30111188111567039  0.30918325374488814
  0.31739799212816250  0.32573700724693744  0.33420701853941953  0.34283473689289012
  0.35160248504579095  0.36053906026835392  0.36964526827979738  0.37893032982888114
  0.38840415442400245  0.39806854074970366  0.40794422678592934  0.41802855196800370
  0.42834737679000501  0.43889034399550531  0.44970888701940415  0.46078056985404292
  0.47213669633057370  0.48375435176348136  0.49569803535556639  0.50797572441802363
  0.52063727012361483  0.53367182064286378  0.54716691186065836  0.56108115720024820
  0.57552993159002774  0.59045623457272556  0.60598274957546305  0.62208788220121947
  0.63886510604597269  0.65638248667034316  0.67468529038410996  0.69392534426272290
  0.71414872087774739  0.73532530469408874  0.75762614814279960  0.78104734334675363
  0.80574657957941831  0.83166794453419057  0.85861999087676644  0.88641645419819359
  0.91487363307637171  0.94352061873313198  0.97193668844678172  1.00000000000000000
 -0.00256939066247625  0.00964166661355821  0.02016805326867092  0.03066710475080336
  0.04132296594015145  0.05183879467821031  0.06244022674106919  0.07294239824194829
  0.08349771530003232  0.09411073117344999  0.10474599465980163  0.11533996752247799
  0.12587537463541815  0.13643400459447982  0.14701269970940836  0.15769274684883564
  0.16844893551947371  0.17921218704141412  0.18989306297091416  0.20042375753273811
  0.21099792782871984  0.22177088821067728  0.23239866226250103  0.24295140569382884
  0.25333738670689854  0.26386240637951358  0.27426587463405305  0.28454080765572720
  0.29471727694866284  0.30488969471501026  0.31516096361968593  0.32548244160933854
  0.33598088732099557  0.34658040007878388  0.35730241579298677  0.36805855916878577
  0.37890400635848298  0.38981912368393878  0.40074552480374059  0.41176559465875295
  0.42257327118137428  0.43321924059462780  0.44370732158922899  0.45428949504880128
  0.46491593855154378  0.47554687421584568  0.48621893198090843  0.49701028786670620
  0.50778774874870380  0.51843285240280923  0.52889229519915093  0.53925282163558808
  0.54948647991181487  0.55981527799087494  0.57015827096056393  0.58046087786286416
  0.59061832187363095  0.60077985423687730  0.61115040542535737  0.62158357638041895
  0.63204932095250543  0.64259208411320112  0.65321743564055901  0.66381929946536866
  0.67430515505547484  0.68479616176668190  0.69532860687614251  0.70589650202129672
  0.71628844644012268  0.72663788091318360  0.73692869487685098  0.74717974838261070
  0.75752433613798520  0.76774039579748565  0.77813974541997177  0.78852025741706022
  0.79903339875233592  0.80950287965050260  0.82005246230569473  0.83058892117888017
  0.84109489883864641  0.85162681978364407  0.86219463348313441  0.87279633833344084
  0.88335460743010774  0.89396544416903101  0.90482533586507863  0.91568512353180687
  0.92642289750472984  0.93714342777990622  0.94769738254934011  0.95832756753621640
  0.96873196644976156  0.97911589105588948  0.98952541887482293  1.00000000000000000
   2.7527255698871203E-007  -1.0000000000000000     
 F F F F F F F F F F F F F F F F F F F F F F F F F F F F F F F F
  <DiscreteSampler_grid>
  grouped_processes
  1 # 1 for a reference and 2 for a running grid.
  10 # Attribute 'min_bin_probing_points' of the grid.
  1 # Attribute 'grid_mode' of the grid. 1=='default',2=='initialization'
  0.0000000000000000 # Attribute 'small_contrib_threshold' of the grid.
  0.5000000000000000 # Attribute 'damping_power' of the grid.
 # binID   n_entries weight   weight_sqr   abs_weight
    10   10   2.240951805179514E+006   8.001326151029021E+012   2.240951805179514E+006
  </DiscreteSampler_grid>
