 -0.00144852253768538  0.00514250817003994  0.01139484716565180  0.01758504296538637
  0.02390098928829142  0.03031268832344870  0.03676217721476470  0.04326914823755627
  0.04985149197148066  0.05647484264875834  0.06314399895416001  0.06990215055440351
  0.07672287492278472  0.08362157010458274  0.09062089633865421  0.09768410137417267
  0.10481465343854461  0.11204871903698017  0.11933598532908977  0.12669248831133278
  0.13413972711555588  0.14166657077389638  0.14930514617441423  0.15705199950285242
  0.16488256864225129  0.17280744241062512  0.18083378282362680  0.18892051131923862
  0.19715245359773179  0.20545437469260042  0.21390940479370024  0.22246400001644362
  0.23111935283866947  0.23991188902610994  0.24879976943259130  0.25785527288479293
  0.26700861936053555  0.27632090980516144  0.28573793367434269  0.29530988438286554
  0.30500603566381512  0.31485087351938057  0.32482747757435138  0.33496338739027820
  0.34524646470329540  0.35570027126444409  0.36631259043950748  0.37709791529337683
  0.38803748256974807  0.39915550525650201  0.41043373323206617  0.42191424596066607
  0.43355480105309646  0.44540424556721459  0.45740610530877568  0.46958820452125821
  0.48191338189312194  0.49442066383857636  0.50712199118800183  0.51999750930421962
  0.53300532056542038  0.54616872108670955  0.55951637526531428  0.57303245326073093
  0.58668035422866938  0.60044948205479076  0.61433154278630475  0.62831176398560762
  0.64237861311622568  0.65652054426823436  0.67071166368281676  0.68494698877286886
  0.69922030962837289  0.71350121860731708  0.72775529125140859  0.74196922096330298
  0.75612838943052718  0.77023115990732860  0.78424848335248654  0.79817144726110889
  0.81196458419868534  0.82562963156462699  0.83914734122787116  0.85252093646265426
  0.86574618980248996  0.87880983853083150  0.89170271203034790  0.90442881807593278
  0.91698149604479251  0.92937335913610253  0.94156407162861788  0.95359345966431042
  0.96541083911493752  0.97708423820931634  0.98858118617900870  1.00000000000000000
 -0.00243290892898807  0.00937423978016905  0.01948854001216726  0.02993384744201756
  0.04046269694690102  0.05101217570762069  0.06159365993431720  0.07210940732875440
  0.08266297110369661  0.09318039835395422  0.10362763987037603  0.11414080916948550
  0.12461763925980777  0.13502913097112931  0.14539623794355805  0.15574480799304852
  0.16606630916634596  0.17652121211691638  0.18701645858641971  0.19765327120638521
  0.20833517734522131  0.21902452583794083  0.22966017091653235  0.24014380121570686
  0.25069198468260034  0.26124010050670837  0.27180698835289863  0.28243048224773915
  0.29319148117853089  0.30409415720291838  0.31493806526670687  0.32561107124898786
  0.33615207865484792  0.34666637171184522  0.35715976572000740  0.36762497258518984
  0.37805790390243599  0.38859727697485785  0.39911159492192616  0.40970955648636576
  0.42037787812251393  0.43112587026607141  0.44179781562781439  0.45238130732418214
  0.46297227063926294  0.47354704175069412  0.48410410782690888  0.49454792478925297
  0.50495468144697575  0.51532940519359594  0.52578522740054767  0.53624109839010470
  0.54671130010716251  0.55723991366482639  0.56789252159000980  0.57854553262925534
  0.58913438418035335  0.59974594312248253  0.61049448739839263  0.62127481662479145
  0.63184774239075525  0.64237795356484073  0.65281062862104422  0.66321949940737557
  0.67354082628350720  0.68382381221136379  0.69438221909938125  0.70499249796042363
  0.71575891339860909  0.72648321810225647  0.73726967680649391  0.74799061654148435
  0.75858127944429288  0.76920782567986445  0.77989497063995372  0.79063175635787142
  0.80120034317434430  0.81176577117485782  0.82234651949613058  0.83305492052676444
  0.84375084853220395  0.85435032881327722  0.86477786464583273  0.87523325678150177
  0.88561225600661564  0.89603495283976242  0.90641016870248525  0.91671229647266450
  0.92730459952150890  0.93784545185244594  0.94848747906100705  0.95906400063266395
  0.96942056604552818  0.97982126114108536  0.98991394145974076  1.00000000000000000
   2.4437289543403858E-003  -1.0000000000000000     
 F F F F F F F F F F F F F F F F F F F F F F F F F F F F F F F F
  <DiscreteSampler_grid>
  grouped_processes
  1 # 1 for a reference and 2 for a running grid.
  10 # Attribute 'min_bin_probing_points' of the grid.
  1 # Attribute 'grid_mode' of the grid. 1=='default',2=='initialization'
  0.0000000000000000 # Attribute 'small_contrib_threshold' of the grid.
  0.5000000000000000 # Attribute 'damping_power' of the grid.
 # binID   n_entries weight   weight_sqr   abs_weight
    10   10   4.438669684205231E+007   2.096027709952190E+015   4.438669684205231E+007
  </DiscreteSampler_grid>
