 -0.00371041926259407  0.01625250014061919  0.02173687133522581  0.02786383636688259
  0.03451903297136005  0.04199266225272448  0.05016374793571131  0.05909024447663743
  0.06873404168557197  0.07908251123651007  0.09007781475832460  0.10181527443316063
  0.11417568005421830  0.12714898269864161  0.14075109803692085  0.15482173845891842
  0.16941723946375831  0.18441508707564430  0.19973790509579431  0.21538214895464183
  0.23124712091251881  0.24722341891964045  0.26328078301547131  0.27939308116768308
  0.29549626221175618  0.31153608297020813  0.32746083907492196  0.34320250942232944
  0.35874910794502535  0.37410269401629331  0.38924465717154438  0.40415665751780938
  0.41882588618615918  0.43324457513747083  0.44741300282147944  0.46133563400827177
  0.47501201572283602  0.48843751878335612  0.50160655045689861  0.51451630478554755
  0.52718443042162200  0.53963099305885942  0.55185567482708597  0.56385671282183369
  0.57565326896847646  0.58724875694702783  0.59863207437707711  0.60979506543465845
  0.62078207228509696  0.63159455553643606  0.64224190578529683  0.65270915848394973
  0.66299349101536287  0.67311624133820025  0.68308333758035289  0.69288358697625729
  0.70254894141628010  0.71205287408750428  0.72142687868870481  0.73069742484177413
  0.73984940968306379  0.74881536802623150  0.75767267095026736  0.76643367334612167
  0.77507354111468296  0.78360113630552353  0.79203474410945252  0.80038578092988777
  0.80860319749340170  0.81670638109301030  0.82471850885937326  0.83265303687797143
  0.84051017507069292  0.84821614336241857  0.85584607558333003  0.86340169352444851
  0.87087779333328497  0.87827382115218144  0.88560224890344963  0.89280259608198698
  0.89994639092095707  0.90705097542099522  0.91411413342809755  0.92101029728457695
  0.92786260093715189  0.93465893235613684  0.94139331531526738  0.94805940636144181
  0.95467318749352748  0.96126556930043017  0.96782970707068927  0.97434784162758059
  0.98079873607589330  0.98721809188195586  0.99361544117588951  1.00000000000000000
 -0.00260759837202052  0.00952417559604906  0.02004653970175770  0.03133833664087035
  0.04267641303582989  0.05390402921424025  0.06479270212612101  0.07568953636074105
  0.08648357965941190  0.09722480264967055  0.10776135779045433  0.11832010814052492
  0.12883524797459303  0.13949361848973318  0.15020467049262762  0.16096315432157260
  0.17176015694796079  0.18253041695944877  0.19363958248136043  0.20473944618309575
  0.21544482980128557  0.22598374270529847  0.23655136338690097  0.24730338199929999
  0.25824137456616425  0.26887391346411682  0.27917934533897387  0.28939527859812070
  0.29973419556066760  0.31029725522774809  0.32065101729006967  0.33095155270828436
  0.34088149171445281  0.35070450564407557  0.36090506243729947  0.37120268179949090
  0.38178990440878818  0.39212156017953903  0.40241508267153459  0.41256841001174177
  0.42294232441662649  0.43335835521861893  0.44399360176543856  0.45427958152463110
  0.46466840883133409  0.47483803585542844  0.48479537832993247  0.49466704229465064
  0.50475096484930526  0.51533186130204245  0.52612492490116869  0.53691908102780506
  0.54742008527930563  0.55778684863148076  0.56808413641043276  0.57851960257966051
  0.58902542732417562  0.59962726253414778  0.60999892583270188  0.62049677818038096
  0.63116735781412592  0.64199389438913346  0.65272609209089971  0.66358253475519968
  0.67443307200530711  0.68539941286323103  0.69612129065849204  0.70666179690784681
  0.71722909911494637  0.72770204560815388  0.73776376593681425  0.74781266392636558
  0.75770539219418487  0.76779469587592097  0.77758732604501002  0.78741354683758902
  0.79752305497135645  0.80783603030940054  0.81814928470042603  0.82868085937165104
  0.83940121278278979  0.85018729447579389  0.86074576576115280  0.87092309645619326
  0.88132364621450821  0.89163130559123338  0.90189198941775373  0.91215525007619525
  0.92315001222109150  0.93419348869155028  0.94493478795162589  0.95556941468454359
  0.96654839472530951  0.97784339846471491  0.98894630322699373  1.00000000000000000
   4.3162575166550066E-005  -1.0000000000000000     
 F F F F F F F F F F F F F F F F F F F F F F F F F F F F F F F F
  <DiscreteSampler_grid>
  grouped_processes
  1 # 1 for a reference and 2 for a running grid.
  10 # Attribute 'min_bin_probing_points' of the grid.
  1 # Attribute 'grid_mode' of the grid. 1=='default',2=='initialization'
  0.0000000000000000 # Attribute 'small_contrib_threshold' of the grid.
  0.5000000000000000 # Attribute 'damping_power' of the grid.
 # binID   n_entries weight   weight_sqr   abs_weight
    10   10   5.356790126541267E+005   2.891824341658456E+011   5.356790126541267E+005
  </DiscreteSampler_grid>
