 -0.00351665015781750  0.01627473012530484  0.02178076989972138  0.02792859561701514
  0.03460950202895734  0.04209442740381339  0.05027702095843162  0.05921384998972875
  0.06885409830957792  0.07921964962548632  0.09024375603172997  0.10199135444184264
  0.11435528794925037  0.12733605402558698  0.14092551037966008  0.15497120490915087
  0.16954930529971851  0.18451199919795816  0.19980356663896678  0.21542784039784837
  0.23128388768876176  0.24727414748014828  0.26334763800249139  0.27946869548019587
  0.29557573174080254  0.31162023198114364  0.32754257818943766  0.34331011620386981
  0.35888228873369055  0.37422558179154158  0.38933492315304524  0.40420517110123944
  0.41883748039092800  0.43322778762985703  0.44737548672959176  0.46128258063995509
  0.47494315190191488  0.48835215671214299  0.50150397785898293  0.51440001595129237
  0.52706340860358314  0.53951805176952727  0.55175957793124597  0.56379015562677126
  0.57562299481984425  0.58724424925045737  0.59864317325209504  0.60979931295939815
  0.62076096460120345  0.63154154134293716  0.64215664423840046  0.65260609474855480
  0.66289768898505141  0.67305026138245772  0.68305385060666057  0.69288323312225841
  0.70256665588310718  0.71207517943338083  0.72143812171699118  0.73068859911472295
  0.73982582667873675  0.74879096482004825  0.75766432537334250  0.76645031362591165
  0.77509311063552611  0.78361240163922508  0.79204232523626228  0.80038261140568845
  0.80856132914642365  0.81665193840733874  0.82466940622909246  0.83261306489929110
  0.84046963760432081  0.84818463949108747  0.85582570914490341  0.86338979994184917
  0.87087355174948577  0.87827758300620906  0.88560368512030274  0.89281102093779618
  0.89995543367816688  0.90705735969831958  0.91412246795233254  0.92100763594925328
  0.92784757931889517  0.93463672034066148  0.94137077713261508  0.94803671188440586
  0.95465912470484504  0.96125990863699640  0.96783193738085760  0.97435681511368777
  0.98080928820522872  0.98722688919616741  0.99362034058545967  1.00000000000000000
 -0.00243813600109867  0.00928466447362892  0.01910211450868302  0.02902143642284092
  0.03906255904087614  0.04980298110669820  0.06078604585628046  0.07122301425185514
  0.08159740730801479  0.09236102343973211  0.10321639164609372  0.11375026341441213
  0.12424704969926560  0.13470148290816933  0.14524458686352693  0.15575622717958643
  0.16604292916823818  0.17619758357316648  0.18626747792810072  0.19696518949914926
  0.20794019419490628  0.21882243829525655  0.22988017198657346  0.24071663266063642
  0.25131541508726651  0.26133377166389948  0.27147298459486013  0.28187428880044402
  0.29242354369739537  0.30288255041858148  0.31345707756445923  0.32403844869389042
  0.33467292499166346  0.34526839772922241  0.35604485460131102  0.36691053341081864
  0.37783273319001132  0.38875936058587690  0.39978502306448310  0.41074162716406443
  0.42158903272386200  0.43246801569516102  0.44325000097715689  0.45419506667869713
  0.46480396021044207  0.47525229955401277  0.48569247723213621  0.49620648044812232
  0.50706613333033490  0.51786524829999381  0.52861942321804622  0.53937231890453496
  0.55025303545234250  0.56080427204605210  0.57097155020245605  0.58093834273122513
  0.59129019322265552  0.60161558585300190  0.61198077688394448  0.62246278312978276
  0.63314126857401720  0.64415605648545260  0.65496099988917089  0.66561171605181335
  0.67520149819535358  0.68482574066200264  0.69467159329303496  0.70481010260647936
  0.71506001549327647  0.72534048727642297  0.73553553688930351  0.74583759561644858
  0.75608548375256035  0.76653785618789039  0.77684273617125266  0.78709938948933422
  0.79732513703938035  0.80788151214691695  0.81828104242254274  0.82869261310981024
  0.83938247030934210  0.85011274558849570  0.86053679978637299  0.87065263233303813
  0.88116541326528397  0.89209714383163063  0.90283836392974237  0.91342180972033782
  0.92431569933367730  0.93547701277723805  0.94675937347765793  0.95760939594639927
  0.96832139430485864  0.97875311288046496  0.98947508083212543  1.00000000000000000
   4.2750809706383521E-005  -1.0000000000000000     
 F F F F F F F F F F F F F F F F F F F F F F F F F F F F F F F F
  <DiscreteSampler_grid>
  grouped_processes
  1 # 1 for a reference and 2 for a running grid.
  10 # Attribute 'min_bin_probing_points' of the grid.
  1 # Attribute 'grid_mode' of the grid. 1=='default',2=='initialization'
  0.0000000000000000 # Attribute 'small_contrib_threshold' of the grid.
  0.5000000000000000 # Attribute 'damping_power' of the grid.
 # binID   n_entries weight   weight_sqr   abs_weight
    10   10   8.255639739147264E+005   1.010289533529437E+012   8.255639739147264E+005
  </DiscreteSampler_grid>
