 -0.00001840137957280  0.00021883039435069  0.00062406206111650  0.00125810762858925
  0.00212908440438627  0.00321021047254270  0.00449431819667295  0.00596963078525168
  0.00763350823570613  0.00946009232796541  0.01144880071125495  0.01360050842429727
  0.01590022487800579  0.01834235474821339  0.02091688658192042  0.02361517389672137
  0.02644346184367470  0.02940767511572276  0.03250238295518701  0.03570767510419506
  0.03901466016286669  0.04243504570651865  0.04597713224489854  0.04961999974480715
  0.05335723641712942  0.05721748284407806  0.06119402238044487  0.06525766531403171
  0.06941676726357034  0.07370433073935934  0.07810545988203549  0.08256831829988054
  0.08719758425874147  0.09191651518462751  0.09671604870818998  0.10161408825987284
  0.10667113109947082  0.11176554744885921  0.11704345686333392  0.12244568589916935
  0.12792231310306257  0.13351367575293285  0.13924344506783534  0.14508285486582720
  0.15105622097686619  0.15715057695415816  0.16336869274566351  0.16968992428386548
  0.17619692894169897  0.18284169804877781  0.18959958027316554  0.19650201065685019
  0.20357089934878661  0.21077720609677764  0.21817884656733813  0.22573626998240900
  0.23344587349392951  0.24136239374831298  0.24949542534662644  0.25781257706794658
  0.26630126988883407  0.27496314580097792  0.28403923211444931  0.29326631641059242
  0.30262746945245578  0.31233157786031918  0.32243661331915702  0.33256649286345374
  0.34313564542630964  0.35432398950518074  0.36552348998451639  0.37720437351403319
  0.38946432560413419  0.40202618517764394  0.41471524595021203  0.42861216036421435
  0.44279199224191307  0.45738598211143749  0.47279082459960253  0.48900565728796502
  0.50595842144815772  0.52386817129464414  0.54280051220676462  0.56288067892057236
  0.58482154976254674  0.60814431867753393  0.63314210404114823  0.66046527931875032
  0.69016734390312462  0.72284763129933438  0.76009864957814988  0.80060339083962151
  0.84533301217037926  0.89449782578654990  0.94630962304157829  1.00000000000000000
 -0.00207448421408326  0.00946016607431676  0.01950921391727735  0.03001816453995931
  0.04066723880944230  0.05112112661674668  0.06133587227130080  0.07165837038077380
  0.08191380210052558  0.09234192034837317  0.10273861956699357  0.11300152209346387
  0.12316273414971247  0.13370266059792799  0.14436506885032729  0.15503530654762412
  0.16560633731683233  0.17660447077965086  0.18783344622898890  0.19901081926897954
  0.21042884887206881  0.22213121560119728  0.23352241280085306  0.24469037884904901
  0.25536096676238346  0.26600023390112532  0.27644868946517848  0.28683305459920783
  0.29718173224570599  0.30740645159572139  0.31758760295235966  0.32781263774488056
  0.33839002300958354  0.34896332852421935  0.35951791046129894  0.36987916027594708
  0.38059516941886740  0.39123561391614925  0.40177772960039709  0.41208953644237201
  0.42235432796147682  0.43280680224987239  0.44323927158143095  0.45379794543705343
  0.46437914488805548  0.47478914393022842  0.48521671168506469  0.49566138394626363
  0.50631439241049747  0.51689594185663268  0.52727560699316156  0.53772603309837441
  0.54829456169083057  0.55889142388490975  0.56916520900568979  0.57910658181859620
  0.58914503470110113  0.59916489645649762  0.60928706299574775  0.61928982152104195
  0.62956171423480967  0.64009205190297735  0.65058997446244837  0.66113147567106190
  0.67168556847634997  0.68235666997666167  0.69286841305347924  0.70339810917122336
  0.71389922340312240  0.72420432396487155  0.73456861757309300  0.74506096024312018
  0.75555305959076191  0.76604002658932280  0.77640435478184333  0.78696617203747365
  0.79752599095469923  0.80810976195258466  0.81855567922980188  0.82909565214686209
  0.83979912820267866  0.85069135844201060  0.86155380753856825  0.87227694090720231
  0.88303978168816322  0.89382244216920481  0.90465722288670614  0.91521504796154296
  0.92593300152108404  0.93641221356293025  0.94692358916794606  0.95718799431920154
  0.96760503746544213  0.97839773685873077  0.98920027269175170  1.00000000000000000
   2.4366744955196412E-007  -1.0000000000000000     
 F F F F F F F F F F F F F F F F F F F F F F F F F F F F F F F F
  <DiscreteSampler_grid>
  grouped_processes
  1 # 1 for a reference and 2 for a running grid.
  10 # Attribute 'min_bin_probing_points' of the grid.
  1 # Attribute 'grid_mode' of the grid. 1=='default',2=='initialization'
  0.0000000000000000 # Attribute 'small_contrib_threshold' of the grid.
  0.5000000000000000 # Attribute 'damping_power' of the grid.
 # binID   n_entries weight   weight_sqr   abs_weight
    10   10   5.700994694206555E+006   3.559960965183630E+013   5.700994694206555E+006
  </DiscreteSampler_grid>
