 -0.00370085473412356  0.01620911282996619  0.02167130126040898  0.02781011068871216
  0.03446969422932910  0.04193369937944810  0.05010031769536934  0.05901738652348894
  0.06864158767221314  0.07897846887949897  0.08998812622089189  0.10174117911452782
  0.11409918907542890  0.12705280840848021  0.14064651163788638  0.15470847919974615
  0.16930073157814113  0.18431782509303077  0.19965670461025592  0.21529867177724890
  0.23115181334934506  0.24716102243827112  0.26323144611222132  0.27932419695452532
  0.29542825719445687  0.31149139378906471  0.32743945871776448  0.34320530710472436
  0.35878119769093542  0.37415959509450908  0.38932364528225472  0.40426218464625380
  0.41896645551848644  0.43341750296109116  0.44761642238483379  0.46155976151201550
  0.47524377009121738  0.48865829935748911  0.50181414598132335  0.51472952109259051
  0.52740951794452839  0.53986694231355448  0.55208741859490151  0.56409394615913955
  0.57589290597473708  0.58749847805765232  0.59888029559761558  0.61005105571604035
  0.62104123064102879  0.63186516643000701  0.64253712122681550  0.65303036136326087
  0.66333819155935658  0.67349140014761122  0.68348366841845565  0.69331134051457033
  0.70300223263859118  0.71252159332898068  0.72189890230909004  0.73116585762408837
  0.74031930203897300  0.74930348884046150  0.75816128200082833  0.76691037545990282
  0.77552093558366297  0.78401248440398841  0.79241377164551163  0.80073500156611543
  0.80893198532268740  0.81701740954801216  0.82501797664011589  0.83294525806305464
  0.84079532356774145  0.84850006353766261  0.85613239375979433  0.86369828567744611
  0.87118038881627580  0.87856277230151214  0.88586288596430784  0.89305683868156671
  0.90019727190445920  0.90729840865107669  0.91435949797446803  0.92126357901847500
  0.92812441367890830  0.93492931416293035  0.94167026288565847  0.94833462967556992
  0.95493994019600803  0.96151424708821942  0.96805400124792251  0.97454701672037736
  0.98095680593428303  0.98732994365567839  0.99367505953406954  1.00000000000000000
 -0.00225607090643674  0.00980663311767260  0.02024240778433422  0.03075036923574236
  0.04126775997149146  0.05168644248807519  0.06211042529235315  0.07269796470324669
  0.08317264615240035  0.09370403597979809  0.10404548202802898  0.11417224413684272
  0.12455377278144454  0.13482875740737738  0.14518127299351821  0.15556771304321435
  0.16611718540075512  0.17663836452442150  0.18730243435737037  0.19796401369674282
  0.20852352338885660  0.21876371406364364  0.22901996641113467  0.23930741480539727
  0.24974277353175472  0.26038677833966628  0.27124937653196241  0.28195960613732790
  0.29249981435371714  0.30295304864307354  0.31334529695574581  0.32365825181436908
  0.33409525022798009  0.34497114405736762  0.35577718246265211  0.36658685068226027
  0.37749104873018696  0.38838287087748802  0.39943332482014082  0.41059113904352396
  0.42162950236177688  0.43229466602975913  0.44301983102668030  0.45396187459394177
  0.46450190301904082  0.47504593311073728  0.48613894639045602  0.49746685880990793
  0.50851221594609020  0.51935454250430646  0.52983266130926077  0.54028037301132004
  0.55083262130814781  0.56150006968308064  0.57198188969394881  0.58231895681484480
  0.59254147826464343  0.60276017664167092  0.61311037497087439  0.62363934504410656
  0.63411097235200353  0.64462128989882239  0.65521460617040261  0.66560235764006470
  0.67543526005197296  0.68497650319499714  0.69527757657293932  0.70562749256897639
  0.71618233273897469  0.72659599576624812  0.73732468242671567  0.74826070091958374
  0.75861016338021925  0.76908290276916602  0.77948862832059707  0.78996130393976471
  0.80062941519143127  0.81141360287982101  0.82230946818401307  0.83290749288081478
  0.84332154796213443  0.85363899594702242  0.86401788389177592  0.87426292925935589
  0.88472197905785732  0.89516612035234078  0.90554911851902375  0.91579777523429784
  0.92625728578035593  0.93668398260072494  0.94720657818282605  0.95780993237986589
  0.96857223842881812  0.97928935137974571  0.98976707328280267  1.00000000000000000
   4.2297413065908245E-005  -1.0000000000000000     
 F F F F F F F F F F F F F F F F F F F F F F F F F F F F F F F F
  <DiscreteSampler_grid>
  grouped_processes
  1 # 1 for a reference and 2 for a running grid.
  10 # Attribute 'min_bin_probing_points' of the grid.
  1 # Attribute 'grid_mode' of the grid. 1=='default',2=='initialization'
  0.0000000000000000 # Attribute 'small_contrib_threshold' of the grid.
  0.5000000000000000 # Attribute 'damping_power' of the grid.
 # binID   n_entries weight   weight_sqr   abs_weight
    10   10   6.794144176776430E+005   6.175858137245844E+011   6.794144176776430E+005
  </DiscreteSampler_grid>
