 -0.00362820040291880  0.01626031371049576  0.02175325295889228  0.02788696937075848
  0.03455030138063021  0.04202898322987454  0.05018732790627876  0.05909589197868449
  0.06872169192148332  0.07908735429878520  0.09010423430184951  0.10184264524890338
  0.11418969538715151  0.12714611006872936  0.14073893341289898  0.15478832099118109
  0.16936105295759171  0.18434177442361904  0.19964369939467358  0.21528216485744722
  0.23112574769466226  0.24713200918579736  0.26325193050323564  0.27941158292890955
  0.29552380412979207  0.31155144033140042  0.32745548037807665  0.34321008691436444
  0.35877473363948981  0.37412962294727325  0.38925041827126100  0.40412919382087098
  0.41877709482043424  0.43319158438474009  0.44736984736027718  0.46129547650709579
  0.47495622976174184  0.48835523876974202  0.50149380500556917  0.51438493469346636
  0.52707071943811679  0.53956259102302062  0.55182560720120322  0.56385483810459180
  0.57566011254627258  0.58724902112891331  0.59860236492202812  0.60974151521998110
  0.62070548676505555  0.63150573181410596  0.64215005938347214  0.65262652709469049
  0.66292831618012782  0.67306863092949254  0.68306405152860716  0.69289732388740444
  0.70255942144985073  0.71205656431466002  0.72142083874558416  0.73067347383713033
  0.73980623236168452  0.74878090452750590  0.75764684037722296  0.76641304852565206
  0.77504458033632329  0.78355231914559131  0.79196294855750460  0.80029971047649251
  0.80850249992939571  0.81660820515191701  0.82463419536227289  0.83258360405676557
  0.84044692641201435  0.84816150787057654  0.85578871929319267  0.86335544020123756
  0.87085002863346428  0.87825801139770776  0.88559917893717310  0.89282198303854432
  0.89997908972767426  0.90708380127716981  0.91413606575500972  0.92103228949521376
  0.92788441887467021  0.93468086943515405  0.94141710148001856  0.94809150078720283
  0.95472206100709467  0.96131886650609466  0.96788055287878749  0.97440289339586206
  0.98084584695264276  0.98725430295167249  0.99363651490730232  1.00000000000000000
 -0.00225986407422026  0.00911272197280101  0.01893507621280803  0.02939885658388420
  0.04020941352919526  0.05060824719860019  0.06081807375896883  0.07104035701121907
  0.08128575872879602  0.09147553553769111  0.10163184938759696  0.11214910972763459
  0.12314126501460168  0.13392010973195773  0.14480134173711665  0.15570523982118598
  0.16697040249949366  0.17727694701301472  0.18745666326420171  0.19782092822874034
  0.20834118320113665  0.21889612721431578  0.22935191697956511  0.24109968407040375
  0.25268397219939459  0.26395651659227604  0.27508643283880635  0.28607969892599000
  0.29688603022904220  0.30744527939713595  0.31775461134099642  0.32793876611751077
  0.33807248452963584  0.34840269752584341  0.35896409374225197  0.36954627225498982
  0.38025262633940249  0.39088633952224833  0.40123248011200635  0.41143141802691691
  0.42144367219035606  0.43146132661097392  0.44137922070680891  0.45121714882341718
  0.46118906687289890  0.47143852510829265  0.48206548039580333  0.49318527466195849
  0.50447285593317404  0.51584070940764581  0.52676229032057420  0.53747560165212871
  0.54787569608189401  0.55834545403975244  0.56911188961935255  0.57994454286393515
  0.59077156625407445  0.60183371047380474  0.61331219652613522  0.62484486021371666
  0.63604777252856315  0.64680743857585088  0.65717844283245475  0.66755989612459010
  0.67790034704064406  0.68812771652315363  0.69823137750549857  0.70845946230480616
  0.71882094858876500  0.72923259152422981  0.73959523919255987  0.75000189658028860
  0.76045741055784088  0.77103659542268976  0.78156062195760734  0.79216008390141157
  0.80279545546783071  0.81359696316276076  0.82415769495798230  0.83463630914478537
  0.84477794117679128  0.85498147139130432  0.86539834834995844  0.87609462414360051
  0.88666242077736246  0.89708037107240457  0.90749309993404803  0.91808719078232071
  0.92851808099568389  0.93889243632066233  0.94926698876794058  0.95968148733155956
  0.96990083084541601  0.97999832471245762  0.98991578808794667  1.00000000000000000
   4.2719474423333859E-005  -1.0000000000000000     
 F F F F F F F F F F F F F F F F F F F F F F F F F F F F F F F F
  <DiscreteSampler_grid>
  grouped_processes
  1 # 1 for a reference and 2 for a running grid.
  10 # Attribute 'min_bin_probing_points' of the grid.
  1 # Attribute 'grid_mode' of the grid. 1=='default',2=='initialization'
  0.0000000000000000 # Attribute 'small_contrib_threshold' of the grid.
  0.5000000000000000 # Attribute 'damping_power' of the grid.
 # binID   n_entries weight   weight_sqr   abs_weight
    10   10   1.248485683145899E+006   2.134499103265539E+012   1.248485683145899E+006
  </DiscreteSampler_grid>
