 -0.00357442900433893  0.01628133562446649  0.02180590158901419  0.02793664426440049
  0.03461359252743110  0.04209530653007989  0.05026357100519346  0.05918679598023653
  0.06884364837291931  0.07919716731841513  0.09021169280748699  0.10194629090539579
  0.11430750962970362  0.12729289412212005  0.14088921204587179  0.15494684467542374
  0.16953841042619103  0.18453376978782990  0.19987154901676055  0.21551816989303993
  0.23137005606199995  0.24738072332728550  0.26346909202621660  0.27958260669460006
  0.29569194192570014  0.31173516260577577  0.32765080214029790  0.34338540547536289
  0.35893776288876733  0.37428128813394151  0.38940105224831817  0.40428727217653349
  0.41893859899359193  0.43333684244172238  0.44747594428495202  0.46136402541990740
  0.47501328194835879  0.48842789620985716  0.50158487527654605  0.51446391771634314
  0.52709336280892172  0.53952108044757929  0.55176263327608444  0.56380536425306615
  0.57561983798195926  0.58719899865803493  0.59855556860706960  0.60970861990225445
  0.62070191127781893  0.63152813935292662  0.64219200604926363  0.65267427237484088
  0.66297297793721555  0.67311193339726327  0.68308854992488877  0.69290249082219768
  0.70257189235353334  0.71209483359570858  0.72149030927510927  0.73077637475506030
  0.73994383570424860  0.74894113174172727  0.75782065839683110  0.76659873158475345
  0.77523736363227869  0.78375259210111492  0.79217160067765624  0.80050359306705088
  0.80867579139095769  0.81675187410806427  0.82475602978227469  0.83269950237127321
  0.84057588006061412  0.84828527431416711  0.85590643019727664  0.86345467302298839
  0.87092459519446508  0.87831091846254150  0.88562715127091374  0.89282646674938471
  0.89997306898996543  0.90708518413345152  0.91416270004757605  0.92105792549554699
  0.92791673496249583  0.93472850257672646  0.94148236958963794  0.94815331793062607
  0.95475668370436761  0.96135179608017296  0.96792421835703646  0.97444032841305084
  0.98087222523955753  0.98726874496614236  0.99364117125309459  1.00000000000000000
 -0.00211827828124000  0.00925557214719440  0.01907525963453299  0.02960804305624126
  0.04004757533774771  0.05057106393457296  0.06129704638235297  0.07216006712958500
  0.08272684776126661  0.09297278240560698  0.10317382067725191  0.11350471066710524
  0.12373512245353391  0.13386839015382987  0.14391275193782452  0.15395295940299833
  0.16409812483668820  0.17432665796341903  0.18463404706217748  0.19546065366990470
  0.20617997556728423  0.21713314170044498  0.22795789252712453  0.23957916291127493
  0.25112301283072092  0.26237649987976031  0.27321242497778048  0.28402241023829866
  0.29456565741363072  0.30503261086254002  0.31547379438178230  0.32628789882133197
  0.33698154378405032  0.34753534550142362  0.35796430093988357  0.36829415043417374
  0.37851931434219749  0.38853693487597285  0.39882968836661109  0.40942901315807284
  0.42001483417478169  0.43036325637761869  0.44079800339423852  0.45115817778095108
  0.46154118526757670  0.47174545192889356  0.48207303116676575  0.49258290556433654
  0.50294772754568984  0.51336594112983713  0.52361899632049658  0.53360724748778277
  0.54368607854620854  0.55376107243590833  0.56388617282155529  0.57344449202687231
  0.58299357022040066  0.59283688903573606  0.60277865987651125  0.61299650357463775
  0.62324420535135627  0.63412211350571090  0.64521336596269740  0.65627115925192681
  0.66685850516091361  0.67762760087247254  0.68862864530257495  0.70036251202202660
  0.71195148010862153  0.72302284442040943  0.73401067440573142  0.74503118514215627
  0.75578007792112933  0.76634293051708924  0.77680674254053139  0.78751045657411811
  0.79777384401653051  0.80822685508525272  0.81867637771183810  0.82932418328944757
  0.83949289656668691  0.84973987222469705  0.86031365047504982  0.87100070117385775
  0.88173224800319661  0.89237346052214594  0.90306913977570991  0.91386342311926982
  0.92486781417560815  0.93608903833223500  0.94718147983601342  0.95832311402490611
  0.96920425829551171  0.97973577073405893  0.98992795918503573  1.00000000000000000
   4.2429522202598989E-005  -1.0000000000000000     
 F F F F F F F F F F F F F F F F F F F F F F F F F F F F F F F F
  <DiscreteSampler_grid>
  grouped_processes
  1 # 1 for a reference and 2 for a running grid.
  10 # Attribute 'min_bin_probing_points' of the grid.
  1 # Attribute 'grid_mode' of the grid. 1=='default',2=='initialization'
  0.0000000000000000 # Attribute 'small_contrib_threshold' of the grid.
  0.5000000000000000 # Attribute 'damping_power' of the grid.
 # binID   n_entries weight   weight_sqr   abs_weight
    10   10   9.493434987849431E+005   1.681533666579260E+012   9.493434987849431E+005
  </DiscreteSampler_grid>
