 -0.00347817406522876  0.01630275912735483  0.02184150184197074  0.02797420028860865
  0.03464896566482365  0.04213297081525824  0.05030068149202588  0.05920627678889919
  0.06884909553349577  0.07919832495490220  0.09020723908591509  0.10194775706164697
  0.11430749969937483  0.12728756249687967  0.14088849919010421  0.15493450656218086
  0.16951796218858009  0.18452249518777802  0.19983294135117716  0.21548862521518378
  0.23136630756989676  0.24737042966471426  0.26346339670141261  0.27961329210165708
  0.29573669913076639  0.31176556396302835  0.32768666938222402  0.34346320583764645
  0.35905127611125459  0.37441971809783198  0.38954350921575276  0.40441773243164719
  0.41904337668433506  0.43342514163976015  0.44755760547541190  0.46144891572659169
  0.47510457707758957  0.48852471774931561  0.50170612834183426  0.51462891902446561
  0.52730628267366508  0.53976434219713443  0.55198732078147694  0.56398521163128301
  0.57577334282664749  0.58736525621979874  0.59872397803465938  0.60987353243474174
  0.62083780521886067  0.63163210772233147  0.64227151059162069  0.65273311884018947
  0.66301437259255536  0.67314784024082952  0.68313283562899174  0.69295238795950032
  0.70263546640390684  0.71213739010136656  0.72150015410805757  0.73075735162600142
  0.73989836426136468  0.74886205660268390  0.75771685054700355  0.76649598910635741
  0.77513950697943135  0.78366569071698555  0.79210304581573932  0.80045065126748549
  0.80864259919898085  0.81671101035958882  0.82469281026696672  0.83260591909155623
  0.84044960844736349  0.84815296830841380  0.85577081969523217  0.86332403638656496
  0.87080458081147871  0.87820467209048281  0.88553927800973953  0.89275720053319585
  0.89991367965217295  0.90702101985888461  0.91407805789714069  0.92097624745527717
  0.92783342682618442  0.93463536175735118  0.94137523927387801  0.94804801494977620
  0.95467699826766306  0.96128126675342196  0.96785636475079473  0.97439025966074255
  0.98084320461000440  0.98725682917310065  0.99363978076961201  1.00000000000000000
 -0.00278860157205759  0.01004267559108282  0.02108039347325640  0.03212856086501165
  0.04315538125654356  0.05389514438519351  0.06442694438488139  0.07482249589467652
  0.08510466707662019  0.09533139370707991  0.10562251443316872  0.11580414976038779
  0.12581548795964517  0.13597244995287713  0.14630145130306851  0.15672119158051570
  0.16708844486598601  0.17731295726797358  0.18767574587700916  0.19808688526737914
  0.20841841325161764  0.21883856712674654  0.22926353795627882  0.23985657707272776
  0.25034974169160690  0.26090084961274523  0.27147319623345162  0.28197842250845595
  0.29244350933446966  0.30272895208781858  0.31313793978542070  0.32339444211992446
  0.33360435929912996  0.34393722937357168  0.35430126182720728  0.36581442251225604
  0.37682924606538215  0.38736809098624714  0.39767690149423929  0.40787065383916771
  0.41819245067229660  0.42833104953294515  0.43845540957721107  0.44851875598143465
  0.45835154778093029  0.46884584028394838  0.47960947246670066  0.49046981953460955
  0.50132349263369869  0.51234535080393817  0.52319961534007253  0.53365395408041383
  0.54401432181612730  0.55414924547141875  0.56434616627910772  0.57450906691229786
  0.58482655075573575  0.59501480339946833  0.60537406809229344  0.61581837619491242
  0.62632631484560641  0.63684800296697130  0.64758288426260480  0.65886139087931406
  0.67055671010024676  0.68228944491927879  0.69376061989104165  0.70479482985500796
  0.71547326921877807  0.72599656666434054  0.73657449896548355  0.74709900458181255
  0.75755375606101194  0.76788943014817979  0.77812370569451750  0.78825277857589859
  0.79855249127204353  0.80899872536204476  0.81964879280028424  0.83024174265489603
  0.84098515733398371  0.85184687374910506  0.86279120594790049  0.87367126386467442
  0.88398029850750870  0.89417143584480541  0.90462117987012536  0.91494057035633447
  0.92513225688407097  0.93526970623745087  0.94575876205491105  0.95640365990247944
  0.96704893098109879  0.97780898032037433  0.98878837663657992  1.00000000000000000
   4.2900359313207245E-005  -1.0000000000000000     
 F F F F F F F F F F F F F F F F F F F F F F F F F F F F F F F F
  <DiscreteSampler_grid>
  grouped_processes
  1 # 1 for a reference and 2 for a running grid.
  10 # Attribute 'min_bin_probing_points' of the grid.
  1 # Attribute 'grid_mode' of the grid. 1=='default',2=='initialization'
  0.0000000000000000 # Attribute 'small_contrib_threshold' of the grid.
  0.5000000000000000 # Attribute 'damping_power' of the grid.
 # binID   n_entries weight   weight_sqr   abs_weight
    10   10   5.132084713739222E+005   2.639377798483376E+011   5.132084713739222E+005
  </DiscreteSampler_grid>
