 -0.00365920859307986  0.01624908322115674  0.02174144782883541  0.02788152972432300
  0.03455030261252467  0.04201878998430099  0.05017498745439623  0.05907412223885193
  0.06870258647380584  0.07906208595114110  0.09008593235957220  0.10183855939492255
  0.11420835900258415  0.12718265943867132  0.14078395070722818  0.15483759987942411
  0.16942977321980765  0.18445413635041860  0.19979685315339854  0.21544816301018446
  0.23131438344688032  0.24731522062513259  0.26340747134183157  0.27954053041531457
  0.29565167624056760  0.31169953045377963  0.32762256083260172  0.34337266865303334
  0.35893684645412527  0.37430836971269821  0.38947139737368497  0.40440818303189396
  0.41909019152058069  0.43350205706974160  0.44764327428665351  0.46152311105130295
  0.47514825493691232  0.48853641593224145  0.50169624581960304  0.51461993493523095
  0.52730494234525116  0.53975505699445148  0.55198157812140058  0.56399318379091812
  0.57580233357599242  0.58741942688829762  0.59880353920320073  0.60996945846195394
  0.62094588799936035  0.63174455640379834  0.64237059311559497  0.65281714256358991
  0.66309247998332543  0.67322173430581811  0.68321524597215522  0.69305511195100478
  0.70269389301758389  0.71218284271206012  0.72154051534464791  0.73078402347439519
  0.73991671667264935  0.74891758563100430  0.75781979488176776  0.76661188430455363
  0.77526231701393045  0.78378775641687459  0.79221638019339846  0.80056527692447899
  0.80876198867759819  0.81684648657252190  0.82484391111715250  0.83276504023014641
  0.84060499399419286  0.84828098340728297  0.85588217702228597  0.86341852064026048
  0.87088372062005459  0.87827133987735806  0.88558726423518119  0.89279599392192666
  0.89994671154254158  0.90705534980552771  0.91412646425622790  0.92102801751559338
  0.92788859589441997  0.93469402616501684  0.94143734884966634  0.94811410711815769
  0.95474326443165147  0.96133867871978129  0.96789937210704668  0.97441900824063810
  0.98086404726173038  0.98726965543906420  0.99364524937039822  1.00000000000000000
 -0.00251439021871563  0.00926817774553817  0.01953128949785216  0.03046860358822066
  0.04135080288168434  0.05219113785639027  0.06296816978018582  0.07400903008037980
  0.08487254912040322  0.09557456996628381  0.10609264111900799  0.11666100922856201
  0.12730914719411815  0.13811137912704496  0.14897697850343627  0.15986681292705782
  0.17050990006408384  0.18092182665079951  0.19118667045580112  0.20160787532203459
  0.21236251398278849  0.22332566796455625  0.23420233861125514  0.24474785151520975
  0.25554125349510742  0.26664911984776862  0.27783800986321755  0.28888863935772668
  0.29970527210532083  0.31039437398371245  0.32104508112306313  0.33145799079107618
  0.34152017809403068  0.35144728772808476  0.36161723871132678  0.37193934074047985
  0.38211850714570805  0.39214012811585996  0.40239843122123098  0.41272262227259571
  0.42298276945976587  0.43322996484693349  0.44331583337385855  0.45332131717384971
  0.46316790334059937  0.47314641833318477  0.48308360917731619  0.49320203315446970
  0.50349761456457731  0.51422539609204521  0.52505500834990304  0.53592926427160892
  0.54663192302463204  0.55711951435131335  0.56755688919977798  0.57783006320150754
  0.58803100971520328  0.59811023692953680  0.60832765978669900  0.61852855998892775
  0.62864285185199620  0.63877441951942138  0.64896924206200701  0.65930084179274051
  0.67007001126853660  0.68091495534881852  0.69168183783906101  0.70216492054389179
  0.71283586838270718  0.72397417850229795  0.73511458165239518  0.74657617508436569
  0.75807389965421657  0.76952902433490089  0.78059543944629683  0.79128435088023974
  0.80197657418938673  0.81259275843599199  0.82322714601995894  0.83359048031070404
  0.84386985261622560  0.85396930980811359  0.86418983811801298  0.87457144050983116
  0.88527438906373923  0.89613617701583748  0.90679062836978730  0.91727602346685222
  0.92746193761345119  0.93766207929489254  0.94786880043380284  0.95796365466409805
  0.96814337213561541  0.97823951910169493  0.98899382700294558  1.00000000000000000
   4.2454729593960947E-005  -1.0000000000000000     
 F F F F F F F F F F F F F F F F F F F F F F F F F F F F F F F F
  <DiscreteSampler_grid>
  grouped_processes
  1 # 1 for a reference and 2 for a running grid.
  10 # Attribute 'min_bin_probing_points' of the grid.
  1 # Attribute 'grid_mode' of the grid. 1=='default',2=='initialization'
  0.0000000000000000 # Attribute 'small_contrib_threshold' of the grid.
  0.5000000000000000 # Attribute 'damping_power' of the grid.
 # binID   n_entries weight   weight_sqr   abs_weight
    10   10   1.135331872400835E+006   2.062501618184455E+012   1.135331872400835E+006
  </DiscreteSampler_grid>
