 -0.00359877140847111  0.01623712389084470  0.02171593602692888  0.02786062880992367
  0.03453676724215927  0.04201870868409591  0.05018352835340847  0.05910860967657228
  0.06874639242284830  0.07909510412987586  0.09010049989194868  0.10184599343030061
  0.11421757112185091  0.12718120227017723  0.14077687657423127  0.15484072582667582
  0.16942669069151009  0.18441493029413561  0.19973039529609166  0.21538273313155329
  0.23126231199188935  0.24728468976852869  0.26336493863613125  0.27947205394024854
  0.29558402471736372  0.31163344358748479  0.32753610027399810  0.34327629553781253
  0.35883524949141210  0.37417321909471846  0.38928554167029361  0.40418846213426801
  0.41886175560894323  0.43328839015896614  0.44746667397574669  0.46139180035423577
  0.47506420903345481  0.48848737015060806  0.50166495291105095  0.51459458511599832
  0.52727598195041625  0.53972553686267466  0.55195093415260499  0.56395373199249010
  0.57576245462846054  0.58739178829851857  0.59880396151879667  0.61001224391068209
  0.62103857988539579  0.63188495713460646  0.64256126317733941  0.65304513265222297
  0.66333453519194174  0.67346438797064045  0.68343983737143954  0.69324300116658599
  0.70290845212614850  0.71242150042985963  0.72180630793196776  0.73108230111788408
  0.74023341913917751  0.74918932316164721  0.75803272697808721  0.76677375005631276
  0.77538278414082107  0.78387411481254932  0.79227572415754177  0.80060454642381818
  0.80878608899980098  0.81685731431893926  0.82483832388977019  0.83274678715142580
  0.84059093494348447  0.84830261508112426  0.85594101567105729  0.86350690358391757
  0.87099213111085139  0.87839165203828506  0.88571895100790032  0.89293476970396735
  0.90008977798610079  0.90720365415770188  0.91428524466374317  0.92116837517918737
  0.92801691817449294  0.93482006144480390  0.94156571771433828  0.94822134591515750
  0.95481724155434688  0.96139179764750549  0.96793953860610893  0.97443952710021098
  0.98086797386926294  0.98726483138181831  0.99363933076775890  1.00000000000000000
 -0.00264350695898208  0.00966905889328677  0.02058940066192879  0.03153958182954752
  0.04260141638029085  0.05332137301010436  0.06395798207153093  0.07430448457889277
  0.08431307823992114  0.09433755886546541  0.10432582394028488  0.11453595929432271
  0.12472227517657541  0.13546355827484127  0.14594227087493031  0.15665994784987478
  0.16711463460561513  0.17765455961100984  0.18786446619183786  0.19788263136088424
  0.20806292677511520  0.21879887549122062  0.22929069204951572  0.23935556195956773
  0.24933527464152905  0.25983552142280458  0.27066196563362099  0.28151085263701592
  0.29249524730046711  0.30334614383477654  0.31402723080804013  0.32443020928560823
  0.33470588026467835  0.34469330200461895  0.35481212486819425  0.36525715257444652
  0.37586075429357985  0.38615085779074537  0.39652344698245767  0.40721292156956951
  0.41795811557924339  0.42846920570695413  0.43875411832166367  0.44942805533396935
  0.46003387359063941  0.47079904540037376  0.48130310343504912  0.49169331598116889
  0.50218606264038645  0.51260367665081785  0.52302596869407780  0.53337193035279751
  0.54387922001176747  0.55428426403462949  0.56477681502690513  0.57514810906277503
  0.58564325406228546  0.59632190222066728  0.60693911903933162  0.61765206657801652
  0.62806487284750534  0.63886151313421013  0.64958201314008945  0.66039374964542963
  0.67075717996894368  0.68127029379018689  0.69204307244705043  0.70295423038272575
  0.71345319867937540  0.72361009416058497  0.73403407031092804  0.74475520986559807
  0.75580956417949385  0.76678676882235586  0.77768328266927900  0.78863304224112463
  0.79908450370755069  0.80953114809063398  0.81978624118887555  0.83007767856276549
  0.84053660252257101  0.85099005718707688  0.86127110239324556  0.87155742109749834
  0.88198009775105057  0.89259930546161159  0.90273107612361692  0.91283572140446478
  0.92316078048197725  0.93376033685484838  0.94422383557347322  0.95519919291250610
  0.96617043188007645  0.97751397126011541  0.98854007251437082  1.00000000000000000
   4.1781939694849906E-005  -1.0000000000000000     
 F F F F F F F F F F F F F F F F F F F F F F F F F F F F F F F F
  <DiscreteSampler_grid>
  grouped_processes
  1 # 1 for a reference and 2 for a running grid.
  10 # Attribute 'min_bin_probing_points' of the grid.
  1 # Attribute 'grid_mode' of the grid. 1=='default',2=='initialization'
  0.0000000000000000 # Attribute 'small_contrib_threshold' of the grid.
  0.5000000000000000 # Attribute 'damping_power' of the grid.
 # binID   n_entries weight   weight_sqr   abs_weight
    10   10   1.274955184892113E+006   2.832529066108022E+012   1.274955184892113E+006
  </DiscreteSampler_grid>
