 -0.00001837432218946  0.00021896601149875  0.00062509286640804  0.00125937287143803
  0.00212964569332264  0.00321011340367623  0.00449461905824903  0.00597113905531715
  0.00763538562272812  0.00946301899321624  0.01145367866103791  0.01360893980251010
  0.01591300589373494  0.01835472904520496  0.02092608049065210  0.02362332192816358
  0.02645572187243195  0.02941986691563733  0.03250686122752785  0.03570638238098642
  0.03901043985652580  0.04243397371357123  0.04597898461751500  0.04962456569249395
  0.05336333769032042  0.05722543598745895  0.06119999233299075  0.06525801537039341
  0.06941158494378707  0.07369726598293617  0.07809184193689617  0.08255558412511169
  0.08718608865659697  0.09190260481000670  0.09669912275138856  0.10160523999789871
  0.10666971948483332  0.11176308820238058  0.11703979897406262  0.12242834052609999
  0.12788341917848187  0.13345551104256992  0.13916772051766002  0.14498693755769507
  0.15094367653277085  0.15702348427172588  0.16322717657091568  0.16954415577528142
  0.17605066714241988  0.18269312557382689  0.18945217395608852  0.19635518714412653
  0.20342223257758615  0.21064994171098150  0.21805719046575078  0.22562298019023599
  0.23334246625285662  0.24125857085369498  0.24938119691054922  0.25769183793630185
  0.26617137296792648  0.27477952969915070  0.28386230212562197  0.29306683053274235
  0.30240100758560057  0.31210690264817265  0.32219164202359618  0.33228004667956995
  0.34280733638065836  0.35398229288817423  0.36514921294873143  0.37682507855081726
  0.38905639463702241  0.40158624218929434  0.41433306641964379  0.42815330284950975
  0.44230700846684912  0.45693170359339597  0.47234817544907842  0.48858171864322575
  0.50559941096345185  0.52349286250621496  0.54234513356385494  0.56235820671902481
  0.58423323269121141  0.60753091905993706  0.63256506933091261  0.65988452059066072
  0.68955842447169902  0.72230764064284414  0.75962502113493935  0.80021649583262910
  0.84506391944935477  0.89430627579636501  0.94615605336531317  1.00000000000000000
 -0.00238034881333410  0.00919117857398873  0.01890278999740138  0.02923104524959341
  0.03932023505198327  0.04977690273178451  0.06050094213941632  0.07112194792828008
  0.08172190093571018  0.09219983620489457  0.10293104368030644  0.11368325739116522
  0.12434794744815875  0.13493778755460295  0.14523239768774371  0.15586063451336815
  0.16627850322125426  0.17687765715433720  0.18750375240238254  0.19812229714805182
  0.20873259254050314  0.21912447770992705  0.22975375550072089  0.24039040758680638
  0.25099336168499947  0.26160130143953864  0.27223742353977143  0.28314433774328163
  0.29399427002558232  0.30482856192881086  0.31557854176390032  0.32650997179215385
  0.33755038395058812  0.34852770880571016  0.35929728364900104  0.37001199008090013
  0.38069207443315162  0.39140152067651596  0.40218099277237990  0.41301263825400963
  0.42357835336931204  0.43414864234128914  0.44477189595337308  0.45539919836430276
  0.46588960060640561  0.47635237510089312  0.48691591199273454  0.49750394425015715
  0.50785542902545533  0.51800083311046108  0.52817225746437846  0.53843358091893201
  0.54906312551602388  0.55959753503805765  0.57012692999800874  0.58037586666947272
  0.59069400645077841  0.60097351568694224  0.61170789637413103  0.62262951826299273
  0.63349694433410375  0.64396786341555368  0.65436049944669350  0.66480486404243333
  0.67529093275164453  0.68580910244991578  0.69648872720676147  0.70713660366897590
  0.71781701882616311  0.72836161816138179  0.73906209100824161  0.74965206486291158
  0.76029895176409235  0.77087319344464544  0.78145699630905818  0.79205071856783993
  0.80259901398403044  0.81312575857953595  0.82346241925982810  0.83357961050318163
  0.84362507107788742  0.85360767468445931  0.86395120623725707  0.87450944488750781
  0.88546501729969729  0.89646003272007280  0.90702819152829883  0.91748795418173279
  0.92782606320305094  0.93820103780198461  0.94831995809093594  0.95869840925209981
  0.96885662727116650  0.97920665474643598  0.98948710307186316  1.00000000000000000
   2.4586209271612678E-007  -1.0000000000000000     
 F F F F F F F F F F F F F F F F F F F F F F F F F F F F F F F F
  <DiscreteSampler_grid>
  grouped_processes
  1 # 1 for a reference and 2 for a running grid.
  10 # Attribute 'min_bin_probing_points' of the grid.
  1 # Attribute 'grid_mode' of the grid. 1=='default',2=='initialization'
  0.0000000000000000 # Attribute 'small_contrib_threshold' of the grid.
  0.5000000000000000 # Attribute 'damping_power' of the grid.
 # binID   n_entries weight   weight_sqr   abs_weight
    10   10   5.192033177146628E+006   2.960864714787923E+013   5.192033177146628E+006
  </DiscreteSampler_grid>
