 -0.00372712082815597  0.01622384363988430  0.02169109033476314  0.02783179695741924
  0.03449595202600245  0.04194571848623572  0.05010235384122111  0.05901497940694315
  0.06865498025179943  0.07900405548574668  0.09000147269827945  0.10173717834530420
  0.11409847989004694  0.12706268469356999  0.14065615419053007  0.15472423586888928
  0.16934086582217447  0.18435377213297072  0.19966622475332307  0.21531027712224102
  0.23117816256070839  0.24717934262359265  0.26324571860510376  0.27934418726765092
  0.29542707431902837  0.31144364212515196  0.32734977754123595  0.34310838715109310
  0.35868655859763210  0.37403415296325077  0.38913994441742161  0.40401626540249463
  0.41866784580042360  0.43307696466358148  0.44723892447360397  0.46115803221516899
  0.47483831143520588  0.48827177081389600  0.50146338395876600  0.51440423248564338
  0.52708680351707571  0.53953256762846469  0.55174343335786213  0.56373918014779589
  0.57554106828495211  0.58715122793323060  0.59852858521901509  0.60970071554518324
  0.62067037094717858  0.63145649567456996  0.64207711057570993  0.65251985795057477
  0.66279555554650926  0.67293679382926586  0.68293135200457444  0.69276660572636339
  0.70246338559261479  0.71200061587220786  0.72139833865012326  0.73067382605715581
  0.73981691862743171  0.74878533423155147  0.75764193672027103  0.76641490052596084
  0.77506521310813137  0.78360261916875718  0.79204372469666151  0.80038919625821581
  0.80860336657096032  0.81669834414264220  0.82470995501533095  0.83265009740609053
  0.84051134258513738  0.84822448830069452  0.85586194123220383  0.86343094220044814
  0.87092408959369538  0.87833610470246071  0.88567243241693938  0.89288182641681524
  0.90002671206219675  0.90712374762774262  0.91417388091241158  0.92104645171026600
  0.92788231357999451  0.93466913823535580  0.94140116652949024  0.94807392676534441
  0.95469698139335235  0.96129961806855302  0.96787268081611733  0.97439414735809937
  0.98083429185288507  0.98724212851522408  0.99362762667315918  1.00000000000000000
 -0.00244465859391281  0.00975719079514790  0.01972410764332923  0.02991289531942836
  0.03998526103657195  0.05026445432772454  0.06027300373622736  0.07046189331237375
  0.08069875988860720  0.09123666156021798  0.10163636462264132  0.11220542352857732
  0.12269093135254160  0.13340102836790171  0.14377302256596733  0.15416128524928130
  0.16462502704435794  0.17521421692312425  0.18592670664454231  0.19651356900946482
  0.20708351539339101  0.21780751072310275  0.22830246013186606  0.23892110517121079
  0.24954523631829095  0.26055619134527158  0.27168256975885952  0.28218656980528367
  0.29278117495642486  0.30339784965318262  0.31385144639478180  0.32395386386539932
  0.33412838752614243  0.34488164145424316  0.35567962513231383  0.36599736505505975
  0.37652913094008278  0.38664646580124618  0.39690203438801813  0.40706611422524347
  0.41737918885041264  0.42766579403718813  0.43807983561888897  0.44868103955546679
  0.45936039577020493  0.46994697381764161  0.48068602054675985  0.49123652894181136
  0.50171927916330439  0.51209512771404020  0.52262485930626368  0.53273293286980805
  0.54258445608745154  0.55269306731677248  0.56286219211957489  0.57296464731820307
  0.58301368158581945  0.59351158631521506  0.60462222650601383  0.61584334405458174
  0.62717031558135916  0.63824408317328507  0.64928051946862519  0.66024148141936900
  0.67109498718039440  0.68163837169331565  0.69231259680539381  0.70304217881969577
  0.71397824045568703  0.72474121845423634  0.73556540812437043  0.74625710760868202
  0.75711197199090019  0.76801417357992841  0.77877926848815548  0.78949543536889610
  0.80038579066148430  0.81105216977506833  0.82179978139001408  0.83265601683037438
  0.84290187184964060  0.85326871446779495  0.86351452727720357  0.87388166531186373
  0.88380889899551140  0.89348567520346489  0.90420844994763416  0.91520435205459516
  0.92579511955110316  0.93588416303759747  0.94621985600343839  0.95686353600180751
  0.96780136730614363  0.97854137049814671  0.98939402073402716  1.00000000000000000
   4.2445573846020931E-005  -1.0000000000000000     
 F F F F F F F F F F F F F F F F F F F F F F F F F F F F F F F F
  <DiscreteSampler_grid>
  grouped_processes
  1 # 1 for a reference and 2 for a running grid.
  10 # Attribute 'min_bin_probing_points' of the grid.
  1 # Attribute 'grid_mode' of the grid. 1=='default',2=='initialization'
  0.0000000000000000 # Attribute 'small_contrib_threshold' of the grid.
  0.5000000000000000 # Attribute 'damping_power' of the grid.
 # binID   n_entries weight   weight_sqr   abs_weight
    10   10   6.628113023747648E+005   5.242261059120710E+011   6.628113023747648E+005
  </DiscreteSampler_grid>
