 -0.00353982549174103  0.01625173219446025  0.02173252359306097  0.02787626456878268
  0.03454849744378764  0.04202052933562606  0.05018737339808493  0.05910619188494286
  0.06873729057483506  0.07909250779456822  0.09010210886508850  0.10184326258056622
  0.11419573801685584  0.12717072197980084  0.14078416133567359  0.15482806705223126
  0.16941702378166124  0.18442740140846292  0.19975228503088857  0.21539807996039026
  0.23126892183376813  0.24729589618985673  0.26340686117822115  0.27954692785703955
  0.29563902815735210  0.31164412007846110  0.32754112556897774  0.34331715469311047
  0.35891755165991895  0.37430177401952647  0.38945676098879556  0.40437816102644236
  0.41905518729956304  0.43346156146315562  0.44761325854863387  0.46152131203004931
  0.47518821256574878  0.48860249023265334  0.50175570728661967  0.51465537952211371
  0.52731730091423912  0.53974969971603615  0.55195536574757975  0.56394140870553577
  0.57571588689016329  0.58729344293413432  0.59866580883273657  0.60981893594545888
  0.62079973864468918  0.63160534301571780  0.64224663540067328  0.65271932961684709
  0.66302396407329212  0.67317399145371448  0.68316825397179837  0.69298488627213928
  0.70265823282256756  0.71216630494761668  0.72154164260976772  0.73081361239983444
  0.73997268781554359  0.74895396840813322  0.75782716122850236  0.76660372572306967
  0.77525071203356599  0.78377504556939315  0.79219675504688991  0.80052928457343531
  0.80872933247964507  0.81682856259171988  0.82484456322382271  0.83278350510339538
  0.84063879183722801  0.84833766706677982  0.85597043907839065  0.86353305564951199
  0.87101335979510031  0.87840274060221768  0.88571172109104479  0.89291281443508508
  0.90005006325432080  0.90714014134164966  0.91419054057318050  0.92108174555316014
  0.92793277629840398  0.93473000603631107  0.94146640389086511  0.94813531716089194
  0.95475601795599829  0.96135261652843984  0.96791866206668087  0.97443803477563262
  0.98087670575435548  0.98727676768611816  0.99364809126999198  1.00000000000000000
 -0.00242383853095340  0.00928775477755945  0.01978585364462303  0.03072318723944758
  0.04194922774526533  0.05256291242356742  0.06308803715443535  0.07335807665623670
  0.08350459940239638  0.09358143246691553  0.10360892477427369  0.11390241274950172
  0.12439476154936724  0.13486334796894084  0.14511150277221954  0.15555512806414404
  0.16609266323898042  0.17721659691297803  0.18798927378668381  0.19918308409201432
  0.21007453822428032  0.22059498068829694  0.23115727679382292  0.24178597733585858
  0.25245772018315471  0.26289721785450881  0.27341249806637186  0.28407932154211885
  0.29484329978040980  0.30543255448069023  0.31612658911580233  0.32681031016622158
  0.33725114925985772  0.34770609343111530  0.35811805409463987  0.36860556674426781
  0.37876863329287175  0.38864837092492416  0.39863070757005092  0.40881765824585092
  0.41941246717963815  0.43007483946187780  0.44055551136009785  0.45086893088832553
  0.46149504135721980  0.47220399248145078  0.48277163822610636  0.49316922715233041
  0.50360768315616811  0.51439027158650807  0.52490813669646608  0.53552258249582896
  0.54615292371528956  0.55702338128528661  0.56820547579975744  0.57923829589163833
  0.58988378848126966  0.60035861356509423  0.61087243464621055  0.62143163408852320
  0.63201253856180428  0.64272199724119372  0.65381309317015113  0.66477245918455830
  0.67550425508605505  0.68610354452304745  0.69671659992858648  0.70712521851401922
  0.71726990852694006  0.72744542206731855  0.73789061918441612  0.74844639371196109
  0.75893477218213667  0.76946386623883523  0.78013007404255996  0.79097619366890870
  0.80159622432434252  0.81193459399957790  0.82201645220202135  0.83200323655545572
  0.84213142611420588  0.85238665554224247  0.86268793293974366  0.87299725979359855
  0.88342394532809521  0.89375254671153770  0.90411125861879837  0.91458414386771669
  0.92547994092918451  0.93618172054585924  0.94665029973197146  0.95724112131652106
  0.96809451218091269  0.97885486837648439  0.98936771472225093  1.00000000000000000
   4.2305338238973141E-005  -1.0000000000000000     
 F F F F F F F F F F F F F F F F F F F F F F F F F F F F F F F F
  <DiscreteSampler_grid>
  grouped_processes
  1 # 1 for a reference and 2 for a running grid.
  10 # Attribute 'min_bin_probing_points' of the grid.
  1 # Attribute 'grid_mode' of the grid. 1=='default',2=='initialization'
  0.0000000000000000 # Attribute 'small_contrib_threshold' of the grid.
  0.5000000000000000 # Attribute 'damping_power' of the grid.
 # binID   n_entries weight   weight_sqr   abs_weight
    10   10   6.172812599212241E+005   4.301898262054407E+011   6.172812599212241E+005
  </DiscreteSampler_grid>
