 -0.00371429073131696  0.01621295280006541  0.02168093776053241  0.02782361876884381
  0.03448096099275621  0.04194476949810259  0.05009647397271581  0.05899834912652690
  0.06863070356865295  0.07897742078731070  0.08998149062185903  0.10172807087457156
  0.11410020104338391  0.12707167727656360  0.14065619182726696  0.15469958007200635
  0.16927986851264029  0.18428370452939724  0.19959135148125065  0.21521884152716977
  0.23107854004058359  0.24709549107175871  0.26317919029634884  0.27929729938394843
  0.29539438904698806  0.31141058709988495  0.32730393445607459  0.34306571471282371
  0.35867363690984955  0.37408715558961853  0.38925046870442648  0.40415904115599066
  0.41883035798553092  0.43325391011424758  0.44741718152864973  0.46132781637145687
  0.47499837196609490  0.48842800509295653  0.50160834092977957  0.51453620551863943
  0.52722855391149726  0.53969621603908446  0.55192868257743921  0.56394294150003776
  0.57573680411318418  0.58732045744436123  0.59869437279499438  0.60985551843448615
  0.62082843407421595  0.63162262710853612  0.64225032665978521  0.65271014505883407
  0.66300454717440360  0.67314541427865671  0.68313651278735643  0.69296462827569916
  0.70263150100126270  0.71214705670270695  0.72153466697214319  0.73080977645016498
  0.73995722996614710  0.74892478416208330  0.75777406119175506  0.76653179133626748
  0.77515733709744994  0.78366438603743538  0.79207787706257271  0.80040759317938093
  0.80860705479369432  0.81670567634547575  0.82472083571755861  0.83266047049825131
  0.84052051789570914  0.84822695049580488  0.85586077318788722  0.86342551110496912
  0.87091290286498868  0.87831661814989803  0.88564170006088061  0.89285531988901834
  0.90001124549206801  0.90712693508588482  0.91420699554853402  0.92109998992061526
  0.92795046976093920  0.93474450838553813  0.94147410454718483  0.94812991686627102
  0.95473090724378062  0.96131627820105570  0.96787913673998327  0.97439785078478558
  0.98084576237682719  0.98725479247608150  0.99363594217244144  1.00000000000000000
 -0.00226005630267220  0.00894190798610315  0.01848632374916516  0.02860864954036744
  0.03867964148113805  0.04876894073594299  0.05884056494131655  0.06911430362022840
  0.07944722035461400  0.09004520746685062  0.10045178875185139  0.11071566530092627
  0.12074578180243049  0.13094525142815086  0.14135410141584540  0.15203253100747682
  0.16270479909991178  0.17318699791421130  0.18397787506208721  0.19499238718142781
  0.20608801136963809  0.21663192425514266  0.22714902680302229  0.23791696142979901
  0.24878314731809248  0.25942213520593616  0.27005345612484960  0.28052421153138163
  0.29078831243257180  0.30074929659951372  0.31089716816049306  0.32125994290289611
  0.33210738202942269  0.34309979178606170  0.35397110316727332  0.36481107325995821
  0.37556495266157619  0.38651167595668678  0.39737515975417176  0.40804651423584420
  0.41868098485903055  0.42942756290273904  0.44023851480170190  0.45109017058930934
  0.46178644148683906  0.47257690467447744  0.48327355585904197  0.49407123306853129
  0.50472948406482587  0.51531649101088606  0.52591120609996000  0.53643103149479920
  0.54661358853009634  0.55663452626004584  0.56682703835696091  0.57746392800509161
  0.58810716006777830  0.59852868278660398  0.60880776439189310  0.61915816955594494
  0.62984496797491629  0.64045448650317294  0.65143200276418289  0.66236430596253526
  0.67331220855735563  0.68407464193878875  0.69497451578300318  0.70613779788737063
  0.71675122401573255  0.72764557185609158  0.73830568667141450  0.74900062866046369
  0.75901353701070728  0.76905439186238567  0.77934546346865352  0.78960459928553517
  0.79982630706392677  0.81011863789538296  0.82074219468930820  0.83159428924404954
  0.84237032687704749  0.85298958572244277  0.86390887023723029  0.87467855807535200
  0.88533380084610303  0.89592595952000043  0.90664905072126400  0.91747299136350835
  0.92795310477985993  0.93831287537471819  0.94860739183791720  0.95898393606739274
  0.96927148735912005  0.97949725967220447  0.98979571482852247  1.00000000000000000
   4.2414567439211955E-005  -1.0000000000000000     
 F F F F F F F F F F F F F F F F F F F F F F F F F F F F F F F F
  <DiscreteSampler_grid>
  grouped_processes
  1 # 1 for a reference and 2 for a running grid.
  10 # Attribute 'min_bin_probing_points' of the grid.
  1 # Attribute 'grid_mode' of the grid. 1=='default',2=='initialization'
  0.0000000000000000 # Attribute 'small_contrib_threshold' of the grid.
  0.5000000000000000 # Attribute 'damping_power' of the grid.
 # binID   n_entries weight   weight_sqr   abs_weight
    10   10   5.157748759410107E+005   2.672887302873765E+011   5.157748759410107E+005
  </DiscreteSampler_grid>
