 -0.00362327566494512  0.01630327761407422  0.02181116515411590  0.02794817647875648
  0.03461289531865773  0.04208682372089712  0.05025232079616929  0.05916632686785249
  0.06878915529285631  0.07914635959670724  0.09016846326857000  0.10189641027144367
  0.11423832360547317  0.12717982091203187  0.14076702043177533  0.15483224173028859
  0.16944939313451668  0.18447868711096313  0.19981495083357587  0.21546951159222813
  0.23134122640962604  0.24733286558360701  0.26342095556911133  0.27955041852899581
  0.29564508809255990  0.31164709317518841  0.32753422006455102  0.34327166840269024
  0.35883489391342310  0.37420786091930824  0.38935940191669383  0.40428545423151058
  0.41897501214811439  0.43340685703997112  0.44756095235230375  0.46143391331920580
  0.47506255933798497  0.48847410954478221  0.50166754782503609  0.51461198023247623
  0.52728515227326078  0.53971605490606667  0.55192111223859364  0.56392357349763433
  0.57573116808218638  0.58733979766658373  0.59874404242686174  0.60991084627549397
  0.62089552476267229  0.63170155598135913  0.64234714275308602  0.65282080326910275
  0.66312049242102711  0.67326500312027060  0.68324975000199994  0.69307073612449976
  0.70275400506481944  0.71227182941938061  0.72165411971508930  0.73093311743891476
  0.74009168197129438  0.74904031250094461  0.75788066172137147  0.76662090018152118
  0.77520962515105318  0.78368297680713428  0.79208106345840290  0.80040083402076512
  0.80858866853304712  0.81667544065021092  0.82467941217553131  0.83260894458059920
  0.84046077583514234  0.84816777071195115  0.85579749696374940  0.86335933675875276
  0.87084706938466938  0.87825542138157642  0.88559244978998708  0.89278847962267271
  0.89992165755861664  0.90701441455719767  0.91406813500336836  0.92095801381311848
  0.92780826071903122  0.93460853624265983  0.94135423108010496  0.94804206131551438
  0.95467870701780222  0.96128563451850157  0.96786008588210626  0.97439184432812098
  0.98085083567810372  0.98726488045316951  0.99364440900951023  1.00000000000000000
 -0.00250882959197780  0.01005377606438015  0.02044668130828858  0.03092925952073867
  0.04132484469550898  0.05143808014987464  0.06213001752566231  0.07324471092566709
  0.08442067937225443  0.09530069724526868  0.10610775819539248  0.11697213176691504
  0.12766626649737703  0.13832137596407915  0.14901173672542220  0.15959488316780285
  0.16999785608767748  0.18038347046937983  0.19085783421938227  0.20157314558115344
  0.21237717582138124  0.22317236973083748  0.23379438605953218  0.24433054234692217
  0.25493368246276049  0.26552484216838285  0.27592238989831763  0.28631509379239550
  0.29680699549179568  0.30711616783648105  0.31707830561119815  0.32716617494356742
  0.33778358063733904  0.34879582968534362  0.35970197652546138  0.37054299423864945
  0.38167042647059507  0.39287592714698283  0.40375604414555821  0.41449984332144812
  0.42515077411389907  0.43575842110183677  0.44617500381495179  0.45646146896262074
  0.46688290198488985  0.47750475378275159  0.48816917028122658  0.49877472035862863
  0.50937110458968193  0.52010825423109064  0.53094082958875721  0.54192154131500336
  0.55305143388804279  0.56429181949024254  0.57538408031338040  0.58643598896121740
  0.59744689424642827  0.60854641819849986  0.61967346285958869  0.63071140315476970
  0.64148427399296992  0.65198898033032904  0.66225295023207953  0.67251443833815838
  0.68283162240186723  0.69308285279302706  0.70310916530300538  0.71309597438647632
  0.72317453087002193  0.73333589147839251  0.74327110057006496  0.75324492448587432
  0.76322627670735377  0.77327722189264203  0.78360800562238730  0.79393264550880049
  0.80437498384811890  0.81474600921675289  0.82504268247187484  0.83508773009126891
  0.84478314086723139  0.85472899093985777  0.86507216758866390  0.87554816840898597
  0.88559118066365838  0.89554416435434714  0.90540211448955965  0.91510211400041530
  0.92546495351752234  0.93590856240802467  0.94676141545273129  0.95742756064687817
  0.96838291216042061  0.97919203380116004  0.98976519354733716  1.00000000000000000
   4.2950909693469500E-005  -1.0000000000000000     
 F F F F F F F F F F F F F F F F F F F F F F F F F F F F F F F F
  <DiscreteSampler_grid>
  grouped_processes
  1 # 1 for a reference and 2 for a running grid.
  10 # Attribute 'min_bin_probing_points' of the grid.
  1 # Attribute 'grid_mode' of the grid. 1=='default',2=='initialization'
  0.0000000000000000 # Attribute 'small_contrib_threshold' of the grid.
  0.5000000000000000 # Attribute 'damping_power' of the grid.
 # binID   n_entries weight   weight_sqr   abs_weight
    10   10   9.352279652568086E+005   1.668254139614007E+012   9.352279652568086E+005
  </DiscreteSampler_grid>
