 -0.00369328691217276  0.01622911925879375  0.02169972640564338  0.02783631796579495
  0.03449706278907982  0.04196664826395440  0.05013666749204529  0.05906243063993259
  0.06871491889410157  0.07908455233104403  0.09012314452571062  0.10187852513262464
  0.11424037053901444  0.12720251506239513  0.14080511528114170  0.15486922541283815
  0.16946440384036635  0.18446392117083954  0.19979241785292101  0.21543119258555002
  0.23128008275587852  0.24728339353731640  0.26338388954260677  0.27951689087298692
  0.29562151860850622  0.31163823193230039  0.32751488666099077  0.34322852816009225
  0.35878435697920330  0.37415761792471114  0.38931668205653208  0.40425321204572157
  0.41895849248201938  0.43340785077229638  0.44759442189200571  0.46152559056184167
  0.47520469451901581  0.48862639291435755  0.50178656146480083  0.51469731494489501
  0.52737814023018337  0.53983761321806778  0.55207044086060386  0.56407993514260468
  0.57587941026670209  0.58747623351212419  0.59886377245501432  0.61001955360331805
  0.62098673066425458  0.63177467459515657  0.64239492293380007  0.65283870581243930
  0.66310535355546052  0.67321763987556771  0.68319494560274985  0.69302023595468321
  0.70270293344007717  0.71223240664009024  0.72163112750698777  0.73092105357459847
  0.74009091418420070  0.74907487375075421  0.75795465601540080  0.76673727005617920
  0.77537348912856396  0.78388447608890444  0.79230541544877442  0.80064358823707005
  0.80884345011727798  0.81693951220399341  0.82495309851997567  0.83289167727842872
  0.84074850057499240  0.84845499016721271  0.85608105779746890  0.86362662418630409
  0.87109140005482166  0.87847959137624354  0.88579628656884080  0.89300890370701669
  0.90016397412851346  0.90728076620846898  0.91436983805718508  0.92124553688958866
  0.92808401230716786  0.93486817313854820  0.94158996149565566  0.94824731678091012
  0.95485148273664644  0.96142772649179897  0.96797270068087293  0.97447328578206349
  0.98090309781342278  0.98729396382298273  0.99365620107462005  1.00000000000000000
 -0.00247707939912782  0.00947350147348896  0.01930925326812592  0.02987594059519097
  0.04016012642347092  0.05055449044754316  0.06069586995410205  0.07114419632191246
  0.08169668811333793  0.09257000062534554  0.10342361488301403  0.11410987146578973
  0.12462349337883245  0.13570217961952769  0.14646259154345587  0.15718805136603098
  0.16752580941373094  0.17785628925930172  0.18825037937883371  0.19876180702153656
  0.20947112509889729  0.22057211992751466  0.23189949012573516  0.24315701882259455
  0.25394863279149699  0.26431862129327394  0.27442943435072581  0.28443058055018250
  0.29471934714178938  0.30513776025856537  0.31545087518530079  0.32562373544194656
  0.33609530356913170  0.34688493196047582  0.35771173505505000  0.36840589643637189
  0.37935882834815493  0.39034322576457436  0.40116246668738031  0.41185760358699897
  0.42250618032822346  0.43296519534512173  0.44311715574687149  0.45314117978470014
  0.46340302238069775  0.47395502887300645  0.48453275688204739  0.49492221345070841
  0.50508561096544147  0.51510597329780228  0.52514956149012759  0.53534115581391617
  0.54569422583644844  0.55626283424510325  0.56692570436629486  0.57753793139805587
  0.58810972757801327  0.59873484657056486  0.60938917094705392  0.61982366006243927
  0.63031990558170292  0.64107620382807351  0.65192713274525416  0.66274921039552537
  0.67354627086803909  0.68431699026885340  0.69498589538188527  0.70551744800836169
  0.71616651016327659  0.72686498149166823  0.73749257964001280  0.74800837670377662
  0.75849907958224572  0.76894976278927518  0.77921934382553093  0.78929383361435923
  0.79939254747331734  0.80965017896235059  0.82012291296648732  0.83066804339614508
  0.84108794667875242  0.85152737823600078  0.86187134047811886  0.87226598275611933
  0.88262580035478511  0.89302260081882412  0.90388362830912006  0.91461979695760842
  0.92551238003956882  0.93618942565805408  0.94711031703359261  0.95795778320765335
  0.96850315134417242  0.97916568540097260  0.98955743228946513  1.00000000000000000
   4.2619297372514931E-005  -1.0000000000000000     
 F F F F F F F F F F F F F F F F F F F F F F F F F F F F F F F F
  <DiscreteSampler_grid>
  grouped_processes
  1 # 1 for a reference and 2 for a running grid.
  10 # Attribute 'min_bin_probing_points' of the grid.
  1 # Attribute 'grid_mode' of the grid. 1=='default',2=='initialization'
  0.0000000000000000 # Attribute 'small_contrib_threshold' of the grid.
  0.5000000000000000 # Attribute 'damping_power' of the grid.
 # binID   n_entries weight   weight_sqr   abs_weight
    10   10   8.991731761710817E+005   1.784336661565931E+012   8.991731761710817E+005
  </DiscreteSampler_grid>
