 -0.00367510284896478  0.01620384203813595  0.02166654765930909  0.02780420499996004
  0.03445941677626516  0.04190957599560829  0.05007369770069844  0.05899558570248293
  0.06863582362113582  0.07897619658132997  0.08997319059229443  0.10172534372315654
  0.11409593745791421  0.12708331383066351  0.14068921288763367  0.15476201501948497
  0.16937153861808990  0.18438373760664536  0.19970496400355797  0.21534245709386632
  0.23118013213305272  0.24714420676914195  0.26317985345225881  0.27925937108159743
  0.29535161250388914  0.31138431160935187  0.32729377898116430  0.34303962258605769
  0.35861305786435754  0.37398661450463805  0.38913523043930354  0.40405089353627849
  0.41873562816184623  0.43317469254888691  0.44735879385204630  0.46129002755789045
  0.47498318023802660  0.48843845174522882  0.50163363659585181  0.51454463806013717
  0.52719616043677098  0.53962976547997143  0.55185159890412094  0.56387017644157178
  0.57567943785474840  0.58727716688995335  0.59864411537348494  0.60978852457502952
  0.62076051016366951  0.63156657577188258  0.64221971652640841  0.65269617615287034
  0.66299116846332851  0.67313187969946697  0.68311719510034330  0.69293379597647731
  0.70260947657927175  0.71213186781970517  0.72152660861456164  0.73081200641802591
  0.73997291364297613  0.74895138708734577  0.75782500646022333  0.76659672700505610
  0.77524382128911473  0.78377637899076003  0.79221490824278096  0.80057413650869935
  0.80879376589041330  0.81690520249151310  0.82493196304623040  0.83288137365991466
  0.84074539737710818  0.84845727672596516  0.85608725785061912  0.86363785770598434
  0.87111042676829842  0.87850973686869871  0.88583435654309828  0.89302842484529055
  0.90016123447130147  0.90725359648546788  0.91430928893605290  0.92119107058096272
  0.92803256024433911  0.93482441971608365  0.94155946342357910  0.94822185852744545
  0.95483679291951351  0.96141716775423225  0.96796359265360365  0.97447367505781968
  0.98090617529474211  0.98729847590007047  0.99366006891601877  1.00000000000000000
 -0.00238382017742452  0.00910410507188442  0.01929510305813788  0.02988805465716996
  0.04067792525643864  0.05114369726186858  0.06130081051323882  0.07176034951695448
  0.08224675739879828  0.09293853246464376  0.10364170543916644  0.11461088291885863
  0.12549946179076010  0.13633311476621537  0.14749904211288692  0.15854771896445499
  0.16917562025589100  0.17956538426008897  0.19013525899780656  0.20082671754289652
  0.21169555681064228  0.22254098252918481  0.23337540559717765  0.24424156462251245
  0.25497103198629800  0.26554966622445531  0.27598501951210241  0.28652967562997833
  0.29736626801859239  0.30834414351876466  0.31901874529263957  0.32957155209397587
  0.34004937230145332  0.35061096868636898  0.36121522673183454  0.37207473879705016
  0.38321636498796113  0.39448611382145671  0.40586314406233936  0.41723959200875355
  0.42836214578077908  0.43904343201600166  0.44941904747786049  0.45962054498072419
  0.46979578332505401  0.47999983455658174  0.49027262532242921  0.50058276524803946
  0.51096231410217441  0.52134736333045739  0.53174849385847422  0.54221975258432964
  0.55253244007317714  0.56257469876823596  0.57246031530226238  0.58231184983413165
  0.59259543076650156  0.60294689227765086  0.61354267591192857  0.62407708014826202
  0.63462432948846281  0.64512325917655189  0.65568950704830853  0.66608716568628501
  0.67661113381000204  0.68730407630601720  0.69862286109318605  0.70976256015766948
  0.72044324232175794  0.73086647585383291  0.74120110983425069  0.75147541836150533
  0.76147726148201789  0.77149517787021460  0.78156106222848087  0.79151763114874774
  0.80149960898612549  0.81148494358914447  0.82192341993838269  0.83255780093161458
  0.84340359629959127  0.85419073369923071  0.86483653974921781  0.87553468152307357
  0.88592398504041292  0.89611992494694337  0.90630354974632377  0.91640728299544694
  0.92680008933210223  0.93712256744541256  0.94769485063714687  0.95804102060468621
  0.96836969370718728  0.97855108226645704  0.98914251074940851  1.00000000000000000
   4.2960342778685375E-005  -1.0000000000000000     
 F F F F F F F F F F F F F F F F F F F F F F F F F F F F F F F F
  <DiscreteSampler_grid>
  grouped_processes
  1 # 1 for a reference and 2 for a running grid.
  10 # Attribute 'min_bin_probing_points' of the grid.
  1 # Attribute 'grid_mode' of the grid. 1=='default',2=='initialization'
  0.0000000000000000 # Attribute 'small_contrib_threshold' of the grid.
  0.5000000000000000 # Attribute 'damping_power' of the grid.
 # binID   n_entries weight   weight_sqr   abs_weight
    10   10   7.947304264350391E+005   1.057290483625345E+012   7.947304264350391E+005
  </DiscreteSampler_grid>
