 -0.00366642300120051  0.01619847849650887  0.02165812432708179  0.02780781791302307
  0.03447525571836183  0.04195055220214181  0.05010813226225845  0.05902369926626481
  0.06867526021402517  0.07903296700089014  0.09004098172867206  0.10177645905698741
  0.11412078875554836  0.12709064372912368  0.14067162520087559  0.15472336979464715
  0.16932869027814382  0.18437393539812072  0.19973349995720574  0.21538370558497866
  0.23122334395111183  0.24720351204329186  0.26328051985451373  0.27938238892762735
  0.29544401947931309  0.31144501465554253  0.32734331879108847  0.34309293148577419
  0.35866009037629315  0.37402171614600876  0.38917554784627140  0.40410188629521382
  0.41878591169769463  0.43321020089876849  0.44738023901200974  0.46129496746295706
  0.47495536376347613  0.48837127087683058  0.50154837834864341  0.51448297232808804
  0.52718015433279286  0.53965093219633642  0.55189709105121543  0.56391921791091859
  0.57573084131741337  0.58733763484365553  0.59872406941151324  0.60990369323352522
  0.62088515989021276  0.63168817307259240  0.64233279874303473  0.65280217482506964
  0.66309891675860300  0.67324888436487074  0.68323251522129314  0.69305322481581488
  0.70272338439626858  0.71222541691597741  0.72159340663599991  0.73086143607737897
  0.74002029775717493  0.74899622720272108  0.75785642136924969  0.76662331409753115
  0.77524968806556493  0.78375778200232316  0.79217977856361277  0.80051690174025703
  0.80871511126645967  0.81680682931841508  0.82481578090657803  0.83275012996144671
  0.84060275774112869  0.84830526543557849  0.85592687276983237  0.86347566948625643
  0.87094829778711669  0.87834278683474754  0.88566903103853700  0.89288452328274603
  0.90004375582667739  0.90716236402565753  0.91424059238340449  0.92113932492209327
  0.92799655679195636  0.93480082703335576  0.94154386731313733  0.94821007861976114
  0.95482156053990452  0.96140275825413302  0.96795136074076527  0.97445669453372652
  0.98088198977946506  0.98727583800070384  0.99364621265786857  1.00000000000000000
 -0.00267043873386812  0.00970088968051461  0.02006934909472611  0.03038320704406443
  0.04078057816842797  0.05107783599600013  0.06169554785526486  0.07211397130156215
  0.08266907956877130  0.09276411354113318  0.10259069881540576  0.11252062270790307
  0.12246319956087286  0.13322581989709620  0.14368768027563228  0.15435908951907820
  0.16501019130372829  0.17596203328501706  0.18700305803294440  0.19798646774741596
  0.20890320110387545  0.21985622542642921  0.23079698179084215  0.24195272061204873
  0.25303321556329961  0.26400372956631774  0.27470164039376010  0.28527564288775231
  0.29564731693375967  0.30589804754784250  0.31636321093485820  0.32692455950008686
  0.33724449191941192  0.34743340941765810  0.35777223676748054  0.36835975150515388
  0.37891912705439146  0.38930594262957346  0.39971161987621318  0.41010600456885377
  0.42054257434131065  0.43102933814338051  0.44152712415176421  0.45198663940243988
  0.46247738330065147  0.47307068093684146  0.48375708267323964  0.49415694511218000
  0.50443580018183831  0.51448850878055175  0.52479431270560206  0.53511358224830929
  0.54563930972911878  0.55620525058116932  0.56715848850968908  0.57822575820981625
  0.58900568270566256  0.59948228084073629  0.60999653857943970  0.62063342840493829
  0.63102192359388953  0.64112683832995343  0.65125297076363231  0.66130833024995961
  0.67164369756013997  0.68240755233733019  0.69359315679118416  0.70478343386370701
  0.71558032403540794  0.72635527954903023  0.73709836233807036  0.74803171910231059
  0.75926697750566041  0.77034903980016267  0.78126153818506949  0.79190280563139515
  0.80229094187188843  0.81255732246046886  0.82284580229242299  0.83325642890887552
  0.84389608188395282  0.85456305479452443  0.86533264388021047  0.87587007388825278
  0.88626738889870971  0.89677042367643145  0.90671497064887352  0.91665787366693008
  0.92640255199369259  0.93645683144750336  0.94687407815935520  0.95724950785389495
  0.96768772782799195  0.97817055929529806  0.98906299492190941  1.00000000000000000
   4.2939786763365520E-005  -1.0000000000000000     
 F F F F F F F F F F F F F F F F F F F F F F F F F F F F F F F F
  <DiscreteSampler_grid>
  grouped_processes
  1 # 1 for a reference and 2 for a running grid.
  10 # Attribute 'min_bin_probing_points' of the grid.
  1 # Attribute 'grid_mode' of the grid. 1=='default',2=='initialization'
  0.0000000000000000 # Attribute 'small_contrib_threshold' of the grid.
  0.5000000000000000 # Attribute 'damping_power' of the grid.
 # binID   n_entries weight   weight_sqr   abs_weight
    10   10   8.198202775581393E+005   1.050940407756834E+012   8.198202775581393E+005
  </DiscreteSampler_grid>
