 -0.00362673506681602  0.01622300270378709  0.02169267936532993  0.02783058372222863
  0.03448464091544282  0.04193453221159172  0.05009093852469761  0.05900120066811751
  0.06863533735140717  0.07897330047621839  0.08998233724930384  0.10174032142054269
  0.11408135353762723  0.12705580514542134  0.14066484659838127  0.15472021606267564
  0.16929054216998204  0.18426825511458461  0.19957904078237021  0.21525231774146200
  0.23114377894194746  0.24716726936159744  0.26328598019221333  0.27945349330478675
  0.29557691772251998  0.31161176702431265  0.32751946458184372  0.34328180129865282
  0.35885845061574290  0.37422765775743655  0.38936248694387038  0.40425535890274056
  0.41891397573175093  0.43332432102034912  0.44748675814715871  0.46139983179504424
  0.47506037497028802  0.48846671414995607  0.50162568432368460  0.51454471445005834
  0.52724099811862302  0.53971889354759306  0.55194966623146013  0.56395716211148605
  0.57574677783211858  0.58732488820733442  0.59868717285349971  0.60984783344531002
  0.62082095065674525  0.63162227535968429  0.64225629753482938  0.65271635364336711
  0.66301024537554309  0.67315967176654268  0.68316716518960674  0.69301740494144548
  0.70271243651726700  0.71224972098347250  0.72165905512467621  0.73095797806548757
  0.74012996567247891  0.74911722295968286  0.75799770559272539  0.76679579811114984
  0.77545940728521034  0.78399502432164780  0.79242603829202907  0.80076087810409835
  0.80896129957349705  0.81703493643473202  0.82502092966185347  0.83293899194758947
  0.84078747862056080  0.84848219907348033  0.85610124243883590  0.86364629621194489
  0.87111317590003767  0.87850065009577194  0.88581612914855345  0.89301282019185224
  0.90015145984927036  0.90725357129965500  0.91432588087623845  0.92122367209893130
  0.92808107916726512  0.93487833599024472  0.94160544209192831  0.94825652517865877
  0.95484966978976238  0.96141570717131863  0.96795154340172640  0.97444345739506921
  0.98087137390916945  0.98726869369108516  0.99364265555180531  1.00000000000000000
 -0.00254644814823154  0.00964116310698472  0.01993812390418536  0.03069388700217651
  0.04142686138901494  0.05195334328009859  0.06243872882573726  0.07304980911823847
  0.08366755961321301  0.09423111528755793  0.10486590421744871  0.11556106569393841
  0.12628149855765863  0.13678744181867108  0.14706141046238985  0.15740125022770718
  0.16790987042347280  0.17863510866489060  0.18956922198889309  0.20083680078123914
  0.21215415060940995  0.22331799427278926  0.23427832376583019  0.24497619626819483
  0.25557220432140260  0.26616893078761827  0.27690526009934535  0.28758567131222673
  0.29822308205489656  0.30901882721342860  0.31993016300759347  0.33061969896477106
  0.34107317993530262  0.35142164824033845  0.36196149966788244  0.37271302212409663
  0.38348629087846786  0.39426409186079819  0.40508531149568255  0.41591456927783410
  0.42658422298574439  0.43715181877604442  0.44775537478193334  0.45814684505758335
  0.46827523713855718  0.47838572497301457  0.48871398287624107  0.49903332486348173
  0.50906305973327559  0.51900562602793265  0.52902689220955623  0.53918649212463587
  0.54975342135984984  0.56037296561581895  0.57076931347552473  0.58105446080699830
  0.59161767715373903  0.60214441238587013  0.61255718578013807  0.62302587429108258
  0.63394797775478007  0.64521752519648301  0.65591889971450756  0.66617868918536660
  0.67619424116787930  0.68633575571399663  0.69646260405975213  0.70659060607655377
  0.71683028784312430  0.72716990725052055  0.73730006859276187  0.74735883951006543
  0.75785506097894151  0.76850086096182069  0.77895352672129858  0.78931685862773315
  0.79977018888333606  0.81062589163882603  0.82141593022114379  0.83220684997671446
  0.84299471375855284  0.85372082884890588  0.86471003489502385  0.87555191750803263
  0.88609220637212294  0.89650475695681142  0.90671382041919324  0.91694727779943830
  0.92694834482887856  0.93681196601503469  0.94732106419206252  0.95782548031181991
  0.96817401657494062  0.97861825450751794  0.98932050102501445  1.00000000000000000
   4.2483119937130275E-005  -1.0000000000000000     
 F F F F F F F F F F F F F F F F F F F F F F F F F F F F F F F F
  <DiscreteSampler_grid>
  grouped_processes
  1 # 1 for a reference and 2 for a running grid.
  10 # Attribute 'min_bin_probing_points' of the grid.
  1 # Attribute 'grid_mode' of the grid. 1=='default',2=='initialization'
  0.0000000000000000 # Attribute 'small_contrib_threshold' of the grid.
  0.5000000000000000 # Attribute 'damping_power' of the grid.
 # binID   n_entries weight   weight_sqr   abs_weight
    10   10   6.518234704632396E+005   4.908065985629670E+011   6.518234704632396E+005
  </DiscreteSampler_grid>
