 -0.00372339155065213  0.01620313199542949  0.02165995211319524  0.02779294616186451
  0.03444719404207950  0.04190800957684326  0.05006135485060637  0.05897003116111255
  0.06860226015950485  0.07895990170295028  0.08998285444654994  0.10172688604011196
  0.11407931612400435  0.12705438130688590  0.14067528784399327  0.15474330095659705
  0.16933475417631597  0.18433213688349681  0.19963789520517419  0.21523763368046678
  0.23107463617171833  0.24707333505792037  0.26313645303412597  0.27920648276588672
  0.29526754209316530  0.31128373211529031  0.32718876168363886  0.34291652794561156
  0.35844417378731547  0.37377153317473544  0.38889536702947936  0.40379416748023872
  0.41845137888650530  0.43286270194074000  0.44703495846127017  0.46096978736720229
  0.47465049329829556  0.48808434661486544  0.50127795229311511  0.51422968230759059
  0.52693790033651200  0.53940441240727421  0.55164138018167852  0.56365030632602786
  0.57544929276485079  0.58704693086316184  0.59843456271513551  0.60963280140613163
  0.62063459256717968  0.63144632633462960  0.64208279095329845  0.65253577468504431
  0.66281329341743744  0.67294807629139375  0.68293870793610134  0.69277284360143165
  0.70244956641784606  0.71197391125668796  0.72136584655284586  0.73065019437764089
  0.73982223112982004  0.74881689468746238  0.75769592089076754  0.76646444068994124
  0.77509027312566936  0.78359512624936745  0.79201443395737303  0.80036673827099003
  0.80858247394992611  0.81669159202478336  0.82471233527368337  0.83265064323479843
  0.84050148734698893  0.84821935583285757  0.85585947478735080  0.86343499642038546
  0.87093094331947529  0.87833038008093212  0.88566174018086152  0.89286573977544836
  0.90001005607191009  0.90711248958044532  0.91416988288266143  0.92106087993671726
  0.92790817203428666  0.93470472791895265  0.94144505990677185  0.94811423261451089
  0.95473808527030646  0.96133412848481248  0.96789646647042082  0.97441053768870634
  0.98084970972642371  0.98725421853583917  0.99363439852621749  1.00000000000000000
 -0.00259642969493742  0.00985024184442500  0.02024941946977280  0.03067470109920493
  0.04146417690991593  0.05223681135287216  0.06281321115696986  0.07311308489289604
  0.08305590224273256  0.09297645793409544  0.10256487680576711  0.11231260245925194
  0.12222540782172876  0.13253846756375212  0.14315262110818777  0.15403304558144792
  0.16519801889028868  0.17607656659525586  0.18679434338447115  0.19749047073515308
  0.20800949336832744  0.21854562469804198  0.22893675001168903  0.23953392029614826
  0.25006119867738902  0.26075146526638626  0.27145329807025326  0.28194494964212052
  0.29234797183220729  0.30265411827364652  0.31314637885706442  0.32369601536413067
  0.33446024946280684  0.34541652215554020  0.35651273721206600  0.36761585880001407
  0.37836552565973580  0.38857710039149423  0.39874275709759660  0.40895823249262347
  0.41948095841081751  0.43040103588875683  0.44167787864060132  0.45271284156230318
  0.46315879520202424  0.47323326190130738  0.48342135552726062  0.49353837443077031
  0.50370008233919072  0.51388202400170335  0.52400062112767998  0.53404149992097583
  0.54406115057909876  0.55430766815660026  0.56478595622009398  0.57535081254421794
  0.58613307045222485  0.59701507157650979  0.60808749161268616  0.61908775481259770
  0.63011718851155518  0.64105621978779381  0.65195631709973745  0.66231572060896360
  0.67229410019968028  0.68211464420659873  0.69208033873496144  0.70214110654597983
  0.71205400982885070  0.72236809940652258  0.73267185127194101  0.74327563130075636
  0.75408728228069666  0.76541135381148684  0.77642501268022790  0.78734882611347101
  0.79772761625879873  0.80792108606847257  0.81799129577386021  0.82811417176212798
  0.83846959248087405  0.84904887587618949  0.85977264405843901  0.87062409937829710
  0.88127437545777654  0.89183065383107774  0.90253484286875141  0.91320047897726553
  0.92376835498094201  0.93416607322585743  0.94483623382614046  0.95610569572129345
  0.96712461771220215  0.97832750722996564  0.98918354341601866  1.00000000000000000
   4.2703066585621715E-005  -1.0000000000000000     
 F F F F F F F F F F F F F F F F F F F F F F F F F F F F F F F F
  <DiscreteSampler_grid>
  grouped_processes
  1 # 1 for a reference and 2 for a running grid.
  10 # Attribute 'min_bin_probing_points' of the grid.
  1 # Attribute 'grid_mode' of the grid. 1=='default',2=='initialization'
  0.0000000000000000 # Attribute 'small_contrib_threshold' of the grid.
  0.5000000000000000 # Attribute 'damping_power' of the grid.
 # binID   n_entries weight   weight_sqr   abs_weight
    10   10   9.059458517607050E+005   1.234184124328353E+012   9.059458517607050E+005
  </DiscreteSampler_grid>
