 -0.00370159683236120  0.01624919408552414  0.02173015177414020  0.02786634256724858
  0.03453441646064456  0.04201359893662451  0.05018454446755699  0.05911277919046126
  0.06875251115920213  0.07911223327641760  0.09013601725026321  0.10189046768742012
  0.11425868352415054  0.12724351343796234  0.14085400207154847  0.15491897254173440
  0.16953723464465442  0.18457472841150283  0.19992269042058899  0.21557345202991909
  0.23145024848343476  0.24746889079061529  0.26355072597654194  0.27966533982914515
  0.29576015960943969  0.31177297086434652  0.32766211693807634  0.34340129165671163
  0.35896651108922484  0.37432553763742138  0.38945444361785081  0.40436013148389149
  0.41903917139920110  0.43346566428813738  0.44762729138651813  0.46153641924662503
  0.47520959247411798  0.48864937815507520  0.50184729468437672  0.51478460341506693
  0.52746313085086260  0.53990998715821004  0.55212344990940998  0.56413027160316442
  0.57592578559382157  0.58750951159870612  0.59888752954596980  0.61003157448457301
  0.62100130242521401  0.63179693861203201  0.64242740174581914  0.65288459147015887
  0.66316508134165730  0.67328343762968546  0.68324994678889273  0.69305759228644070
  0.70271543010347992  0.71221874053587442  0.72159569903141307  0.73087077392024757
  0.74003196443979058  0.74900983741292593  0.75788536991302435  0.76666460850486862
  0.77530745367752629  0.78382983230903858  0.79225922965475604  0.80060032198671860
  0.80879584074548505  0.81687477369977557  0.82486830795591248  0.83278721585939031
  0.84062394063830914  0.84831495888290742  0.85593388766662482  0.86348693350893724
  0.87096286066954698  0.87835151134751821  0.88566711907502926  0.89286912272868957
  0.90001358108572793  0.90711591213413212  0.91417595685584041  0.92104998050841103
  0.92788310376585315  0.93466751704061513  0.94139809605446978  0.94806467199090516
  0.95467850445400348  0.96127409287516419  0.96784515752703504  0.97437269857218278
  0.98082615099304082  0.98724328703326203  0.99363208980237394  1.00000000000000000
 -0.00240970936473458  0.00951214997710221  0.01960852896119760  0.03019604151471814
  0.04047031758423152  0.05061557679019467  0.06082412631263966  0.07144989560776420
  0.08215214388724408  0.09258542258789428  0.10277054423027654  0.11297165988907934
  0.12295034512593518  0.13312105896673368  0.14334047650711931  0.15420387235437949
  0.16516941075766164  0.17570802172568159  0.18629300576734228  0.19678380096433695
  0.20713686038696791  0.21758821846950999  0.22771354662791862  0.23797551107447884
  0.24819346686754540  0.25900814510994713  0.26971068213464222  0.28020632133882678
  0.29071470688463341  0.30111364254155459  0.31152423415407393  0.32183224286784545
  0.33204524775331989  0.34222862841572255  0.35233836344049907  0.36306947796049205
  0.37394424026310324  0.38435095317362078  0.39470795209310489  0.40505568376196088
  0.41558299794287734  0.42625422911854549  0.43713716905406358  0.44849634644367847
  0.45990977159325824  0.47106624973847688  0.48180006300096134  0.49253031602002156
  0.50298614073816217  0.51336926100008329  0.52403086098040541  0.53467971464005770
  0.54537485343461944  0.55576899448591144  0.56645490417397681  0.57750956797189790
  0.58838316607446550  0.59895341186785500  0.60924578725644829  0.61957049733747882
  0.63014545529695820  0.64073630889944611  0.65124228472943124  0.66178972848452655
  0.67237712194601018  0.68295106678339479  0.69347789400592763  0.70382773280173760
  0.71444894428418804  0.72503997304733037  0.73550005052806566  0.74557276224547608
  0.75580892796840315  0.76620506948893519  0.77679833373439289  0.78718958935329397
  0.79788523484274942  0.80881117478947706  0.81998633260983511  0.83051493906515483
  0.84118072200305738  0.85165290863122911  0.86222981836927715  0.87281158764513433
  0.88361468580639879  0.89433276901081726  0.90498097394449417  0.91564359697471875
  0.92635059827379129  0.93714771899682647  0.94775752031173321  0.95839166202726978
  0.96879609896466345  0.97912931905290068  0.98964283851570556  1.00000000000000000
   4.2465665576674959E-005  -1.0000000000000000     
 F F F F F F F F F F F F F F F F F F F F F F F F F F F F F F F F
  <DiscreteSampler_grid>
  grouped_processes
  1 # 1 for a reference and 2 for a running grid.
  10 # Attribute 'min_bin_probing_points' of the grid.
  1 # Attribute 'grid_mode' of the grid. 1=='default',2=='initialization'
  0.0000000000000000 # Attribute 'small_contrib_threshold' of the grid.
  0.5000000000000000 # Attribute 'damping_power' of the grid.
 # binID   n_entries weight   weight_sqr   abs_weight
    10   10   7.878987721739620E+005   8.548870240209216E+011   7.878987721739620E+005
  </DiscreteSampler_grid>
