 -0.00368649462230934  0.01621432857544554  0.02167533108515738  0.02781277693955419
  0.03447531554701500  0.04194224614339301  0.05010942038078493  0.05902239331166918
  0.06864311726939527  0.07899835809168854  0.09001657759311744  0.10177197101751463
  0.11413119216788979  0.12709117731400058  0.14068253061421418  0.15473144776841224
  0.16931144338471049  0.18430007053372743  0.19961563036348981  0.21524253612503194
  0.23109494840901487  0.24710519539378917  0.26319397748264345  0.27932186968426292
  0.29543385894473373  0.31145705781366012  0.32736459361220527  0.34311958132958958
  0.35869834252842847  0.37406201017864082  0.38920299330387187  0.40410089564915996
  0.41874496591189375  0.43312895773143550  0.44726865308762859  0.46117175122000570
  0.47484070712329846  0.48826544445844794  0.50143123585239835  0.51434187417922050
  0.52701591703408079  0.53947694876491703  0.55171992014484506  0.56373095692141906
  0.57552173948406160  0.58711243500153598  0.59847571550218348  0.60965523473243599
  0.62064684154041805  0.63146417937082777  0.64211484303026889  0.65258474553695012
  0.66287997317967762  0.67302743713457580  0.68302529538523904  0.69285479995851473
  0.70253097028447586  0.71204873391767354  0.72143267435071301  0.73070646523270633
  0.73985945421226740  0.74883529515172187  0.75771109687074034  0.76649664498370362
  0.77515043490542979  0.78368488123943580  0.79212312321022060  0.80047457088641405
  0.80867739410507988  0.81677421329868172  0.82478608434913980  0.83272032630675685
  0.84057103448682546  0.84827444279540509  0.85590361145839244  0.86346706229540149
  0.87095172782678643  0.87834796868416187  0.88567428075708365  0.89287829605175395
  0.90002728555364819  0.90713372743623721  0.91419144372849592  0.92108850028634492
  0.92794041015584749  0.93474007011268512  0.94148219522442289  0.94815488343826204
  0.95477617251409119  0.96136539439917268  0.96791884657624805  0.97442588798937668
  0.98086211880456531  0.98726361359841630  0.99363984505987868  1.00000000000000000
 -0.00266617358648281  0.01004194782407573  0.02007877400368957  0.03067901468182987
  0.04101265187201134  0.05140699177779278  0.06178192735238480  0.07196077616334808
  0.08244775819865018  0.09284778199145861  0.10323603256033016  0.11375746685005081
  0.12437894500857409  0.13511284383349301  0.14593969463742412  0.15626054989396598
  0.16669980399257542  0.17695834888078590  0.18730528190974377  0.19760342965706726
  0.20793113109256189  0.21868868600976263  0.22963868375981894  0.24055624483258292
  0.25147248113765874  0.26196204158749009  0.27245175470321314  0.28289899934257223
  0.29318209148796137  0.30367580015967283  0.31398147000639870  0.32449558149647706
  0.33520862347420721  0.34613867258404757  0.35671055558062348  0.36700264892201939
  0.37744861294613402  0.38807018621530753  0.39864970377996345  0.40896860329323353
  0.41948835229512843  0.43013779612665531  0.44072083030711406  0.45149511356830285
  0.46214466328694570  0.47295065329260150  0.48356047466727242  0.49406338283435969
  0.50439016320914243  0.51485872856572246  0.52558230870158984  0.53633258868629874
  0.54684678179856427  0.55707901434413698  0.56746435588762234  0.57765035007997090
  0.58793616575749341  0.59789859578863302  0.60826256988651162  0.61904844361853717
  0.62954973605100206  0.63968510169123616  0.64993277101785230  0.66070768526102341
  0.67142071627153832  0.68226668824913395  0.69320331365741950  0.70409524441735349
  0.71499180700942933  0.72587904382854906  0.73694125434860669  0.74762412916910492
  0.75814110207883867  0.76852511846144778  0.77933935408220523  0.78999122898674368
  0.80059543595261773  0.81106983778829234  0.82170935459384475  0.83261690185064841
  0.84304765527235781  0.85356784094794003  0.86400358401344401  0.87439062777937371
  0.88439352135110028  0.89484324983470809  0.90563855761279299  0.91651801166570590
  0.92657438401815406  0.93656188608593238  0.94705881470817976  0.95762575748131407
  0.96810002769315440  0.97824295753169932  0.98894338873978727  1.00000000000000000
   4.2804701673033579E-005  -1.0000000000000000     
 F F F F F F F F F F F F F F F F F F F F F F F F F F F F F F F F
  <DiscreteSampler_grid>
  grouped_processes
  1 # 1 for a reference and 2 for a running grid.
  10 # Attribute 'min_bin_probing_points' of the grid.
  1 # Attribute 'grid_mode' of the grid. 1=='default',2=='initialization'
  0.0000000000000000 # Attribute 'small_contrib_threshold' of the grid.
  0.5000000000000000 # Attribute 'damping_power' of the grid.
 # binID   n_entries weight   weight_sqr   abs_weight
    10   10   8.335430417998690E+005   1.330652560356397E+012   8.335430417998690E+005
  </DiscreteSampler_grid>
