 -0.00207449540027729  0.00824881041236359  0.01716223975147815  0.02631350041361482
  0.03560724636662750  0.04502696028083088  0.05455250117449573  0.06420397963693487
  0.07398839891586659  0.08390830168386833  0.09395326992630376  0.10413286596556416
  0.11443371890004408  0.12486967174671010  0.13544086283026213  0.14616959953345177
  0.15703695997594655  0.16802175824315055  0.17913003000592162  0.19035928625738233
  0.20171798124055532  0.21321913421198188  0.22487050630460956  0.23668269014779739
  0.24859337667043904  0.26064152591582734  0.27279104430019308  0.28508517050169063
  0.29748987958996709  0.31000088985642099  0.32257874392266295  0.33521946688505400
  0.34794001973489630  0.36071293536849636  0.37354119128718383  0.38642328888538541
  0.39936261095269660  0.41232883410663945  0.42530153322305697  0.43826018015254803
  0.45119849494841541  0.46411374566179731  0.47700378767954404  0.48983948050887971
  0.50261216970323708  0.51531438500765847  0.52793534942134102  0.54047754179107654
  0.55292832736864050  0.56529447216494511  0.57753838553328729  0.58967602747674841
  0.60167946029933783  0.61355701769137538  0.62530532734594280  0.63692512355465947
  0.64840441871574339  0.65972805405134138  0.67090881433634486  0.68196565363154305
  0.69289424844613912  0.70369333063600636  0.71434787760313556  0.72487579360485710
  0.73525390913191846  0.74548796805460971  0.75557704231281986  0.76554888281853217
  0.77540008853693543  0.78512630259524652  0.79472123040769671  0.80418035017036849
  0.81351957514441675  0.82272831301213600  0.83182771580598425  0.84081918566952540
  0.84970137064293294  0.85849003765064780  0.86715010678111804  0.87573526591235085
  0.88417404882658779  0.89253226634864180  0.90073967983445169  0.90885594757764299
  0.91688760937862424  0.92483626484670534  0.93272307755001438  0.94051998869659326
  0.94822650178050905  0.95585275895882438  0.96338257701336583  0.97082869046751730
  0.97821208974851348  0.98553132657446896  0.99277950318403019  1.00000000000000000
 -0.00252425395540512  0.00942648560100552  0.01958101574918447  0.03001349229076310
  0.04045933353344777  0.05096833998960489  0.06140970921962093  0.07201870013813536
  0.08253122952491888  0.09310132333031153  0.10367609591145294  0.11427927352325164
  0.12499114468260777  0.13561025582586164  0.14625990166482111  0.15691621489192070
  0.16757811252745272  0.17821271885665962  0.18882538698246903  0.19939045289626917
  0.20996062810275429  0.22044018852218117  0.23096990497874106  0.24149040379086165
  0.25200017794691582  0.26247225736197477  0.27293160912344905  0.28343778302348305
  0.29396489031515005  0.30453182648519511  0.31508467689775016  0.32555875795112832
  0.33604048056232361  0.34666036053825966  0.35730597568009781  0.36795381344254791
  0.37858843203906756  0.38931797046462352  0.40004154238197775  0.41068299718065376
  0.42129667276997945  0.43182139492638988  0.44227243047358056  0.45265057886572352
  0.46305006180221142  0.47349487948691044  0.48400864956545103  0.49457609107092348
  0.50519871749547784  0.51587013010841531  0.52653640216789199  0.53720217319833952
  0.54776070327630411  0.55830857907546194  0.56889434502307035  0.57946882832982949
  0.59004145025447963  0.60056516386885483  0.61112064246221787  0.62166590265898813
  0.63223118183995142  0.64276347399105838  0.65321687719699617  0.66363539280179429
  0.67411257834282778  0.68466983761838474  0.69525704012813627  0.70585095404958154
  0.71649385708941815  0.72713004214649168  0.73765756207250077  0.74818806415607420
  0.75866762523447728  0.76915979515410349  0.77965863471239205  0.79013641274246171
  0.80065894872296328  0.81113098340849621  0.82171257145503651  0.83223689027967884
  0.84278253924029689  0.85334108357810889  0.86396753500628753  0.87453898025992760
  0.88508609570044094  0.89563481111696741  0.90627057344625261  0.91685624200973281
  0.92726192367238436  0.93765692816566293  0.94796145597440118  0.95833281227905787
  0.96872005257234151  0.97915204435274472  0.98959358817758403  1.00000000000000000
   1.1975785514977467E-003  -1.0000000000000000     
 F F F F F F F F F F F F F F F F F F F F F F F F F F F F F F F F
  <DiscreteSampler_grid>
  grouped_processes
  1 # 1 for a reference and 2 for a running grid.
  10 # Attribute 'min_bin_probing_points' of the grid.
  1 # Attribute 'grid_mode' of the grid. 1=='default',2=='initialization'
  0.0000000000000000 # Attribute 'small_contrib_threshold' of the grid.
  0.5000000000000000 # Attribute 'damping_power' of the grid.
 # binID   n_entries weight   weight_sqr   abs_weight
    10   10   1.707379905532655E+007   3.036200401195102E+014   1.707379905532655E+007
  </DiscreteSampler_grid>
