 -0.00129008707003200  0.00377006495722736  0.00870554962271414  0.01350863370611217
  0.01835776969104483  0.02331253511267173  0.02830027148060639  0.03330867438189280
  0.03833902486838959  0.04342606817258588  0.04856897291030086  0.05374693105560209
  0.05894448282815239  0.06420781256709261  0.06953022018757499  0.07487528665984076
  0.08024925970916387  0.08567355251491672  0.09117641887081382  0.09671423695358733
  0.10228585371764803  0.10794078810910100  0.11364985961283285  0.11939645993027768
  0.12519004686782909  0.13104871506901011  0.13696657456837005  0.14292290104760033
  0.14895442640755940  0.15506044820233536  0.16120807938742546  0.16743573991415883
  0.17374721407778757  0.18011282320514044  0.18652684010872581  0.19305259654541745
  0.19965796558184390  0.20632777992396720  0.21308720929878311  0.21992476350103116
  0.22683032296836533  0.23383836065730351  0.24095424154624218  0.24813376631209988
  0.25541641925232589  0.26281436308713335  0.27025596312940731  0.27790083970253515
  0.28559835419901519  0.29342604649175363  0.30138011668421805  0.30944994415195759
  0.31766251434629689  0.32599844397314437  0.33447214264514691  0.34310573174511438
  0.35187940015728053  0.36081448488369777  0.36991058623375195  0.37918534542684179
  0.38865008191202438  0.39830320055588581  0.40815779763188870  0.41820994867414485
  0.42849958327050119  0.43901823312770716  0.44980599825498890  0.46084939734572156
  0.47218411654477349  0.48380252237302057  0.49575263055864643  0.50803791457704417
  0.52069039779676496  0.53372227573529252  0.54721385902300645  0.56112134769810984
  0.57553862264651501  0.59044358413659592  0.60596657012184496  0.62208885567312022
  0.63887738047658504  0.65637888636193442  0.67465168096906847  0.69387766967679598
  0.71409873018965675  0.73527684810403993  0.75757698039324484  0.78097136203242024
  0.80565605000696960  0.83155974684216438  0.85851234630399265  0.88632714024015002
  0.91478404375241129  0.94344734459668267  0.97191203756840017  1.00000000000000000
 -0.00237962189083026  0.00970570673785242  0.01994382447267044  0.03058700261474898
  0.04126970473160146  0.05191196811306732  0.06244897796426013  0.07286875627794706
  0.08331755210987840  0.09369242470297287  0.10400634443620496  0.11450611331698531
  0.12495428931575045  0.13541798261643420  0.14579150782153930  0.15632933465415763
  0.16681236226241150  0.17734826531771591  0.18802391806112309  0.19868467737293055
  0.20921267047987949  0.21960342487352796  0.23003967726996430  0.24085752102926264
  0.25168602183310590  0.26252643245810053  0.27304907058714573  0.28361053540278730
  0.29400575562406822  0.30451350097030622  0.31494955800776908  0.32556444972672510
  0.33609636266210852  0.34661663464561615  0.35720200750022346  0.36784228231398663
  0.37852963026285874  0.38904136240166010  0.39968413842616973  0.41028443431199874
  0.42070511257773963  0.43093739194216990  0.44138580090194046  0.45182732446512208
  0.46220343089888566  0.47253207629938793  0.48293255526226853  0.49336486998998785
  0.50387821238035024  0.51439565868458259  0.52489522432486257  0.53514452070642304
  0.54552155748357889  0.55598274165015416  0.56646320103693859  0.57701048355089646
  0.58763504213574280  0.59834070866050393  0.60904530889821740  0.61952774533483035
  0.63007935027957818  0.64049326971919385  0.65096833749406124  0.66159080872977050
  0.67237287785260291  0.68323821182346101  0.69388978768020648  0.70452711969489901
  0.71506028359513185  0.72562234028722294  0.73611376892929159  0.74666496863618470
  0.75722581317731519  0.76772934599092124  0.77815423554549890  0.78880513209984537
  0.79952358610330765  0.81024416396165500  0.82057735126408471  0.83105637249434228
  0.84169773124252678  0.85230313454444651  0.86282337182654090  0.87320100156513181
  0.88377418498658022  0.89432537833270354  0.90494287021394137  0.91551244720427083
  0.92624060606262404  0.93680721041152260  0.94738789370272691  0.95789072174191325
  0.96854859468151899  0.97926853127854374  0.98975273842751166  1.00000000000000000
   2.7688829940412552E-007  -1.0000000000000000     
 F F F F F F F F F F F F F F F F F F F F F F F F F F F F F F F F
  <DiscreteSampler_grid>
  grouped_processes
  1 # 1 for a reference and 2 for a running grid.
  10 # Attribute 'min_bin_probing_points' of the grid.
  1 # Attribute 'grid_mode' of the grid. 1=='default',2=='initialization'
  0.0000000000000000 # Attribute 'small_contrib_threshold' of the grid.
  0.5000000000000000 # Attribute 'damping_power' of the grid.
 # binID   n_entries weight   weight_sqr   abs_weight
    10   10   2.313588335778128E+006   9.834853300400992E+012   2.313588335778128E+006
  </DiscreteSampler_grid>
