 -0.00387012473143500  0.01771427640256477  0.02587092412180666  0.03575174578492984
  0.04692793538101152  0.05913824514122298  0.07254533796323180  0.08687326478137224
  0.10213655895012512  0.11825900904501176  0.13508639894150912  0.15248537337406240
  0.17042030700097172  0.18872901193745831  0.20724692096752700  0.22593148798942536
  0.24460486545895771  0.26316577616500481  0.28150029806837984  0.29960774462316236
  0.31743520489982713  0.33490999007700539  0.35196768453976679  0.36861438966932064
  0.38485063283267684  0.40070265555199774  0.41617647484992565  0.43127246601129959
  0.44596602432154453  0.46026733731421104  0.47419474948765855  0.48777761006259834
  0.50103146477113192  0.51396440687004075  0.52657637965113524  0.53889016823711555
  0.55090673870481899  0.56265364876110735  0.57414032003492255  0.58539376852132985
  0.59638508113969391  0.60713178237758481  0.61766508592719227  0.62800674367738929
  0.63816211951547352  0.64811796188789006  0.65787300119296144  0.66744227064033135
  0.67683950697590967  0.68606827880892329  0.69513241467023756  0.70404731436793744
  0.71280765329582851  0.72143828581660441  0.72994624125380581  0.73833677011357879
  0.74656006990699852  0.75466480866248009  0.76267201577403110  0.77055747845554767
  0.77831253612852069  0.78596350461689457  0.79353396527558828  0.80101850478948611
  0.80836174952332118  0.81560841230424108  0.82277185536367470  0.82985706823670757
  0.83686465941130939  0.84377032002232688  0.85057459413962311  0.85731396009655370
  0.86399040135334337  0.87059036138520651  0.87710830545847696  0.88356469850773589
  0.88993197427456050  0.89622905417384213  0.90247470504483052  0.90867287172079314
  0.91482101681863215  0.92082883377317826  0.92679636102496477  0.93271306252210417
  0.93857797140358978  0.94438009393702271  0.95011954652086195  0.95581320374669820
  0.96147781924311349  0.96710473254728679  0.97268851418549129  0.97821630118112946
  0.98370287840493487  0.98915864403164810  0.99458691125984122  1.00000000000000000
 -0.00233985054520512  0.00916392237557689  0.01909693069323613  0.02947769261624160
  0.03991003217777983  0.05007905664731840  0.06034980962273351  0.07086384795720542
  0.08119518799236879  0.09151527077952504  0.10179484815494613  0.11258623616983221
  0.12372172567811708  0.13479421018196663  0.14593059685710302  0.15698996384751213
  0.16778591369435072  0.17825388579395215  0.18853874932563477  0.19901981485858092
  0.20949362453029602  0.21967907092642275  0.22976566597794928  0.23989337474327954
  0.25011405527338659  0.26006712549932998  0.26997415882582321  0.28015065295918390
  0.29051291923223310  0.30090099220331978  0.31121788340873074  0.32156522357873452
  0.33204238667976188  0.34265991238279159  0.35354384974482950  0.36462084612132151
  0.37599542768109107  0.38739795241110242  0.39851838217322683  0.40928216750610330
  0.42014658890815448  0.43084804626597367  0.44116698732027798  0.45128300234262936
  0.46150545568208390  0.47207004262246371  0.48265074195522106  0.49320608374517189
  0.50365476337214898  0.51422129011395201  0.52479840298333391  0.53523374743173913
  0.54570845597187900  0.55622922225552196  0.56688477549249083  0.57751684161268857
  0.58827952883135359  0.59882728251358208  0.60914882536443726  0.61936614011382807
  0.62964840448408244  0.63977631553433623  0.65004315025783810  0.66033918085334842
  0.67083210018514605  0.68116307373403995  0.69152825378057148  0.70191966258010308
  0.71233492480759020  0.72293727514891992  0.73376657348598784  0.74440385684753752
  0.75487891902923054  0.76531405506571892  0.77565013776905833  0.78601709135646880
  0.79642553492512302  0.80728933986364648  0.81809914456469957  0.82898004238213641
  0.83998476254889332  0.85097460278563541  0.86190940355740975  0.87256537026774139
  0.88328120700160040  0.89402752065462077  0.90468265507821244  0.91535199904883147
  0.92610704702911284  0.93692919732375668  0.94735980362069472  0.95759963080927479
  0.96820182587563586  0.97869854238741316  0.98933108379987911  1.00000000000000000
   2.1329994036722559E-005  -1.0000000000000000     
 F F F F F F F F F F F F F F F F F F F F F F F F F F F F F F F F
  <DiscreteSampler_grid>
  grouped_processes
  1 # 1 for a reference and 2 for a running grid.
  10 # Attribute 'min_bin_probing_points' of the grid.
  1 # Attribute 'grid_mode' of the grid. 1=='default',2=='initialization'
  0.0000000000000000 # Attribute 'small_contrib_threshold' of the grid.
  0.5000000000000000 # Attribute 'damping_power' of the grid.
 # binID   n_entries weight   weight_sqr   abs_weight
    10   10   5.241088486585800E+005   2.794413680326558E+011   5.241088486585800E+005
  </DiscreteSampler_grid>
