 -0.00358684050900017  0.01624496361742626  0.02173107997911870  0.02786635947427890
  0.03453262171869811  0.04200516618827984  0.05015795069848262  0.05906081688322431
  0.06869144817254881  0.07903220197711583  0.09003872634560328  0.10179610233869994
  0.11416290488601646  0.12713434601109994  0.14074507084825380  0.15482189019967002
  0.16943183110101723  0.18444516575343908  0.19980282497980589  0.21546947604875638
  0.23131984645440265  0.24730269649170361  0.26337686283606321  0.27949646135180606
  0.29558709730986810  0.31160733639361887  0.32751042342246356  0.34326107568386038
  0.35884623693847351  0.37423692810593945  0.38939274279166625  0.40429567011771234
  0.41894968278011979  0.43336035732457462  0.44752816241972282  0.46145103916445762
  0.47513153669443792  0.48855961861306185  0.50172576766845800  0.51463256131414037
  0.52729712206366275  0.53973329338332299  0.55193961985684037  0.56393839480035313
  0.57573227409487160  0.58732384053103681  0.59870463948978780  0.60987840344186128
  0.62088524276532087  0.63171949135739491  0.64237849766367805  0.65285628193951661
  0.66315440508699353  0.67328835216884098  0.68327631472109540  0.69310190940927585
  0.70277867096672719  0.71229629685426255  0.72167983122878765  0.73095848118283591
  0.74012390858757182  0.74910576896250936  0.75798551525123470  0.76676219536181989
  0.77540108859764267  0.78392196618832966  0.79235061915116012  0.80068860602994385
  0.80887105714150864  0.81694166568239690  0.82493331405476433  0.83285794953052128
  0.84070823188826105  0.84840420995018972  0.85602708742160050  0.86358419455700408
  0.87106561233684965  0.87846139064468620  0.88577439449559592  0.89297554513395350
  0.90011529293010606  0.90721297859135286  0.91427834341272307  0.92116493320132264
  0.92801724839137645  0.93482379374200641  0.94157427837420371  0.94824510565227149
  0.95486518375887142  0.96145501793213883  0.96801132599918382  0.97452188700685916
  0.98095016800831947  0.98733210627439005  0.99367850017572712  1.00000000000000000
 -0.00234304611064948  0.00996177723478185  0.02059441379031578  0.03095669148159599
  0.04119508906991896  0.05137481484914531  0.06204606362047339  0.07248948417560812
  0.08288952253305915  0.09351450349032452  0.10405579831452352  0.11427050457659758
  0.12458920990581517  0.13522307759249411  0.14538717188167233  0.15555182037139889
  0.16582103683422478  0.17677349144863333  0.18800817873917988  0.19923037697059454
  0.21022623297174461  0.22075633593252059  0.23116525586463058  0.24148110419685540
  0.25166545830142423  0.26195407361775108  0.27206587494363765  0.28213564123415874
  0.29239922753180264  0.30291862745595621  0.31359073666572390  0.32375718743544141
  0.33394048359041334  0.34459280873985765  0.35506433688739075  0.36560908788232971
  0.37594188556481467  0.38619143763872887  0.39646016662995426  0.40680360185512249
  0.41731631251505941  0.42757005736728237  0.43786159832462479  0.44831961045464663
  0.45883007635558232  0.46930428815951608  0.47979152165242989  0.49046688207093786
  0.50094877217115219  0.51193622473220890  0.52278008896061978  0.53359813367168007
  0.54409340269732787  0.55459211926471363  0.56516364767850924  0.57606919581631744
  0.58668950714200641  0.59699872238746332  0.60731715333467506  0.61823033475154399
  0.62907296147593428  0.63959051411144963  0.64983878038836818  0.66028457766611015
  0.67083860600665068  0.68131058133904987  0.69164712777957682  0.70195721124170529
  0.71214450735322687  0.72266898320006268  0.73307523117846529  0.74430988964828193
  0.75557293854049701  0.76712094414501342  0.77781564840132456  0.78802005291934674
  0.79841395332059373  0.80909837047404221  0.82001050219946092  0.83070744973375377
  0.84134973606760188  0.85179583325499486  0.86212655717858733  0.87250341290181155
  0.88297783873508173  0.89347629520007288  0.90446088196572161  0.91547879285542200
  0.92597173638247410  0.93604020562257562  0.94643602954602213  0.95698024113415758
  0.96779260647804877  0.97835769018099739  0.98918694175235722  1.00000000000000000
   4.3022573252878410E-005  -1.0000000000000000     
 F F F F F F F F F F F F F F F F F F F F F F F F F F F F F F F F
  <DiscreteSampler_grid>
  grouped_processes
  1 # 1 for a reference and 2 for a running grid.
  10 # Attribute 'min_bin_probing_points' of the grid.
  1 # Attribute 'grid_mode' of the grid. 1=='default',2=='initialization'
  0.0000000000000000 # Attribute 'small_contrib_threshold' of the grid.
  0.5000000000000000 # Attribute 'damping_power' of the grid.
 # binID   n_entries weight   weight_sqr   abs_weight
    10   10   1.084806764414181E+006   1.756738457267349E+012   1.084806764414181E+006
  </DiscreteSampler_grid>
