 -0.00368702688995988  0.01625378686204864  0.02174699116868166  0.02788822891002820
  0.03454769402433104  0.04200219338389397  0.05015983407880190  0.05907937978516781
  0.06871234336276322  0.07907354606594522  0.09009602672421849  0.10183664702889395
  0.11418954279608642  0.12715872636839970  0.14075586284213595  0.15482603130185768
  0.16940907176416245  0.18442211819598633  0.19975239308515058  0.21540907553418220
  0.23131555084618963  0.24736607275630562  0.26347069056481659  0.27960478726859683
  0.29570381681548641  0.31172241389563293  0.32763138183588503  0.34338834682347913
  0.35893848663793942  0.37427194938444264  0.38938742649914876  0.40430161442303686
  0.41899321187948235  0.43342046716046373  0.44755828170834849  0.46143137262625394
  0.47506964666538648  0.48849323751824852  0.50169264590168106  0.51463407141192108
  0.52732762225823937  0.53978978914556452  0.55200437870547270  0.56400092226533927
  0.57579821558514721  0.58741067474486974  0.59881725597077284  0.60999724817263878
  0.62098169333016462  0.63178705578406735  0.64243242406529710  0.65289713397108662
  0.66317787594180733  0.67330431821837233  0.68327500087744708  0.69309442869317206
  0.70276250429113818  0.71226647404907129  0.72163664173716524  0.73089841389227628
  0.74004227383692289  0.74901474920487343  0.75787444822482530  0.76663308915881867
  0.77526103526631740  0.78377147671781244  0.79218700841056078  0.80051895372044246
  0.80872311671324648  0.81682554270400298  0.82484811368347033  0.83279914212180406
  0.84067217894108848  0.84838590660977087  0.85601687521116898  0.86357476748846540
  0.87105218443818255  0.87844268075372145  0.88576416755943177  0.89297867503732342
  0.90013435656090657  0.90724632793019455  0.91431819766976419  0.92122265378005552
  0.92808634843984761  0.93489663094556696  0.94164302521472432  0.94830244256310781
  0.95491052857048786  0.96148591151260465  0.96802545147734009  0.97451804762928318
  0.98093776032022451  0.98731540070787127  0.99366478641012757  1.00000000000000000
 -0.00256336030414664  0.01012219412352663  0.02127781557872084  0.03272925856080739
  0.04375141326237379  0.05437348598005790  0.06479769314352046  0.07501950045412348
  0.08517864564026587  0.09527382739163587  0.10546923226578218  0.11587532942815508
  0.12627625817892063  0.13694488524902368  0.14740502718423751  0.15778764154316763
  0.16797368745521571  0.17810644641508394  0.18845745058749552  0.19872085941648454
  0.20895276895263415  0.21873688033039340  0.22851618352919265  0.23836735356827846
  0.24852947823092833  0.25893539216134903  0.26945444186117501  0.28006398252118314
  0.29053705168478128  0.30090636235781965  0.31138261527085231  0.32199654900136604
  0.33281112591718043  0.34314507159220292  0.35350876814438564  0.36380328002180273
  0.37421644388846453  0.38467212831578063  0.39517782130233670  0.40586632665728795
  0.41679166832186099  0.42787438407956163  0.43912043620771773  0.45027046696972683
  0.46102006205042673  0.47144916283091881  0.48176035533329337  0.49214632070695508
  0.50254584989925877  0.51312660807371624  0.52389597671783517  0.53463553323056834
  0.54523486836153612  0.55555927988764442  0.56595068691022776  0.57611731926995058
  0.58635085983126467  0.59653906608074647  0.60676074596396734  0.61743023459142421
  0.62829812774491323  0.63925740989456670  0.65004264314555527  0.66038679183511340
  0.67076175033722729  0.68109095149753607  0.69140950101653709  0.70185677800538859
  0.71240247629208897  0.72336931852664310  0.73413344044391926  0.74487317431331002
  0.75569491989145299  0.76684912541223993  0.77769547401051997  0.78830776159897420
  0.79908510958301404  0.80996892545075505  0.82093927784866716  0.83174699672772578
  0.84257605695749871  0.85344367928471665  0.86447008571561457  0.87531585318386840
  0.88553642434655555  0.89560815207326849  0.90580762948039817  0.91626398449820445
  0.92668962129449761  0.93707868454811005  0.94778140320506088  0.95839053385575157
  0.96875073475794482  0.97911707321156694  0.98950982735714399  1.00000000000000000
   4.2720856406696655E-005  -1.0000000000000000     
 F F F F F F F F F F F F F F F F F F F F F F F F F F F F F F F F
  <DiscreteSampler_grid>
  grouped_processes
  1 # 1 for a reference and 2 for a running grid.
  10 # Attribute 'min_bin_probing_points' of the grid.
  1 # Attribute 'grid_mode' of the grid. 1=='default',2=='initialization'
  0.0000000000000000 # Attribute 'small_contrib_threshold' of the grid.
  0.5000000000000000 # Attribute 'damping_power' of the grid.
 # binID   n_entries weight   weight_sqr   abs_weight
    10   10   8.231069968395780E+005   1.067505295567988E+012   8.231069968395780E+005
  </DiscreteSampler_grid>
