 -0.00353279237395933  0.01627217206333232  0.02176704000775881  0.02790928182951876
  0.03457444538263751  0.04204822044100943  0.05021839390795926  0.05914614730099366
  0.06878654291503777  0.07915345629272610  0.09019277527669578  0.10195674764433127
  0.11433688526765168  0.12732641321767033  0.14092131857280388  0.15495911677871982
  0.16955015776014090  0.18457855060505668  0.19992467240584652  0.21554605118857390
  0.23136002628522487  0.24734003148686337  0.26342048234823096  0.27954928108829930
  0.29566266777818706  0.31169455082937791  0.32761904184195773  0.34337421094587478
  0.35894005780270000  0.37427916232092617  0.38940841161033690  0.40432475464983147
  0.41899915795211079  0.43341023734477818  0.44755940601863275  0.46145655880158337
  0.47511209383561048  0.48852340788350818  0.50168866646934329  0.51460776149551668
  0.52728545705199992  0.53974871886685227  0.55198939089069265  0.56401419148028475
  0.57580801297688122  0.58738826353793905  0.59873287157692656  0.60986693082210697
  0.62081237680708601  0.63158377454067338  0.64219625535626734  0.65264141841491241
  0.66291902199638775  0.67304881770339098  0.68302556698300831  0.69283776210303427
  0.70251287456720146  0.71203374877437664  0.72141833302236225  0.73069035669970739
  0.73984014439823265  0.74880034016836317  0.75765481036756288  0.76641003768245375
  0.77503799136046891  0.78355374258248744  0.79198054268628992  0.80032786933641176
  0.80854324874654782  0.81665214874108116  0.82467752505190495  0.83262364239402753
  0.84048038319111840  0.84818617964037146  0.85580466018495027  0.86335416249995345
  0.87082791898924661  0.87821892788972189  0.88554497597471682  0.89275786822681069
  0.89991842082636508  0.90704302778913970  0.91413099196949532  0.92102069316694413
  0.92786593186494259  0.93465867658588231  0.94139295318942506  0.94805479734839870
  0.95466696992114242  0.96126598108947303  0.96784249055369664  0.97437221771795979
  0.98082447073050050  0.98723995437722822  0.99362866189100785  1.00000000000000000
 -0.00237411772015127  0.00941923231267549  0.01942520469690104  0.02948385545867839
  0.03953251952040902  0.05003187575324551  0.06062384643809841  0.07134169560125231
  0.08209465998518900  0.09280108229829967  0.10362597184587721  0.11397021956626317
  0.12441960723560956  0.13462060446971602  0.14506078454776150  0.15551944458120648
  0.16616645657136653  0.17659000162066227  0.18680865843841105  0.19703027000481899
  0.20718610718949274  0.21756642127250497  0.22793612550971243  0.23864636234412998
  0.24972924314760930  0.26083671603967901  0.27188156800290592  0.28257309520136270
  0.29311258525897904  0.30367700626226685  0.31431940847878059  0.32484452937768066
  0.33508057416990417  0.34524864990844734  0.35536398858440849  0.36550663279258755
  0.37554115745020900  0.38569373844114452  0.39586053435128071  0.40603853721967653
  0.41606987984585619  0.42658115641314759  0.43717008460124851  0.44784782168715920
  0.45833085314421457  0.46879217234275589  0.47946042279469542  0.49062084895059971
  0.50161450851229461  0.51298022840038793  0.52438753955298034  0.53627142235736291
  0.54756033386406067  0.55830228986046493  0.56915971942310817  0.58024944372149645
  0.59109582368670333  0.60216599447527508  0.61337155724338854  0.62461060304292193
  0.63501311654467718  0.64527273851138323  0.65568850823896641  0.66630290650371093
  0.67673192338275945  0.68677999085148833  0.69702865605393027  0.70733336363801003
  0.71741644859497045  0.72758771557198232  0.73761548247498210  0.74776601712552215
  0.75794528667873640  0.76824877500626021  0.77890818517778249  0.78938256107079940
  0.79988543419154834  0.81096592970955472  0.82216515499623521  0.83343636817395539
  0.84406582169469302  0.85449294510429963  0.86520191643622413  0.87583086062536486
  0.88634085559936659  0.89654952433284851  0.90691041298790964  0.91715722936081123
  0.92737416103735471  0.93725716043014118  0.94784769799972479  0.95805504504619010
  0.96828459637055198  0.97854559456242141  0.98923967236260058  1.00000000000000000
   4.2692490722109395E-005  -1.0000000000000000     
 F F F F F F F F F F F F F F F F F F F F F F F F F F F F F F F F
  <DiscreteSampler_grid>
  grouped_processes
  1 # 1 for a reference and 2 for a running grid.
  10 # Attribute 'min_bin_probing_points' of the grid.
  1 # Attribute 'grid_mode' of the grid. 1=='default',2=='initialization'
  0.0000000000000000 # Attribute 'small_contrib_threshold' of the grid.
  0.5000000000000000 # Attribute 'damping_power' of the grid.
 # binID   n_entries weight   weight_sqr   abs_weight
    10   10   6.736464097333752E+005   5.139214381961218E+011   6.736464097333752E+005
  </DiscreteSampler_grid>
