 -0.00362472306988952  0.01621512170381213  0.02167944705064601  0.02782149642265583
  0.03449271975184776  0.04196228660732230  0.05012025558461600  0.05903818644174513
  0.06868387868022489  0.07903832627328171  0.09003878035394014  0.10176848896536082
  0.11412046214653344  0.12708085288490953  0.14067901214596643  0.15473869747186603
  0.16932185115559495  0.18432267851245585  0.19962158515414574  0.21523148287087107
  0.23110514790254072  0.24713912583614073  0.26323576241479596  0.27936501938337444
  0.29547987896207861  0.31152594007609413  0.32744698020915131  0.34318734095551368
  0.35873827648991474  0.37408988524782538  0.38923186813728999  0.40413827519323409
  0.41881201296078796  0.43323406310826534  0.44740398064535158  0.46132630132698371
  0.47499912872720895  0.48841624870369904  0.50157154288045613  0.51447643993984060
  0.52715176845159661  0.53960076064097207  0.55180925008618908  0.56379728953520392
  0.57558905891418932  0.58719372531590297  0.59857505438205938  0.60974866977448938
  0.62072967287306358  0.63153404437480087  0.64217651999650083  0.65264231498494918
  0.66293006544643762  0.67306445608317622  0.68304551704282435  0.69286755939422384
  0.70254374004126874  0.71206443822245225  0.72145282784319276  0.73073575331936547
  0.73990155375811462  0.74886801000744141  0.75771589175215015  0.76647108887186033
  0.77508970319423298  0.78358641039353172  0.79199103061514009  0.80031577229250606
  0.80850371585954217  0.81658552229096226  0.82458024319102396  0.83249794983896419
  0.84033758967813788  0.84804194486205386  0.85567431032044050  0.86324219417694426
  0.87073359504578129  0.87813723163560919  0.88546289985852822  0.89267282804246384
  0.89982457964408880  0.90693538768834947  0.91400758852899922  0.92090947494741304
  0.92776977852982001  0.93457685613667840  0.94132371638857659  0.94800009222688253
  0.95462649192820648  0.96123650601961375  0.96782038543478355  0.97435372823226363
  0.98080981422904279  0.98722824331749259  0.99362105554476077  1.00000000000000000
 -0.00248447548151209  0.00979502291587965  0.02014584295064488  0.03092315549732508
  0.04167029388761205  0.05217437560525464  0.06263552948449629  0.07283755787269230
  0.08301962309895167  0.09266220495522087  0.10223320900304782  0.11256116874309480
  0.12314918297525347  0.13433800523580317  0.14524418595386354  0.15587671723076466
  0.16643559613717024  0.17674758814909008  0.18715049625890134  0.19745981520889461
  0.20785242946578800  0.21843693773399320  0.22926733109509459  0.24005347029781984
  0.25062272557581899  0.26084126725578965  0.27100205752105033  0.28140201882924287
  0.29183572824219006  0.30221808614158885  0.31271876538481674  0.32330852010476391
  0.33395741758835795  0.34444621726377750  0.35483452788505215  0.36513460378780871
  0.37533813055939802  0.38551893737298870  0.39586078602877078  0.40636587454547990
  0.41679788391013317  0.42712379581607740  0.43761551431602630  0.44834703746041971
  0.45905855271900714  0.46946043253148706  0.47973950228600193  0.49007539324556953
  0.50076018944458733  0.51191258087794922  0.52299884032101429  0.53370372152298251
  0.54436366150751669  0.55512203969602203  0.56571028174479454  0.57621469286908233
  0.58680951430700357  0.59741323503836075  0.60790909981787067  0.61838141866412055
  0.62898956456934796  0.63980688266264629  0.65061966237998969  0.66119318831620955
  0.67178318922164737  0.68247531848007525  0.69301976718400526  0.70349166151775888
  0.71398717755091679  0.72478343368817333  0.73545642012567958  0.74603790009641757
  0.75659940765452338  0.76727884688796499  0.77792270819454656  0.78853155369051553
  0.79906520154200822  0.80949455443393503  0.81978439797741454  0.82978257732686667
  0.84009023592846899  0.85066788073418176  0.86112331523241492  0.87157973113326737
  0.88231884033487584  0.89344137453671990  0.90418507893334610  0.91451929153561207
  0.92506535034031723  0.93583830507668408  0.94665697998728482  0.95748777149013242
  0.96818890028735061  0.97905074057402519  0.98956240849197752  1.00000000000000000
   4.2682836768782230E-005  -1.0000000000000000     
 F F F F F F F F F F F F F F F F F F F F F F F F F F F F F F F F
  <DiscreteSampler_grid>
  grouped_processes
  1 # 1 for a reference and 2 for a running grid.
  10 # Attribute 'min_bin_probing_points' of the grid.
  1 # Attribute 'grid_mode' of the grid. 1=='default',2=='initialization'
  0.0000000000000000 # Attribute 'small_contrib_threshold' of the grid.
  0.5000000000000000 # Attribute 'damping_power' of the grid.
 # binID   n_entries weight   weight_sqr   abs_weight
    10   10   7.782177808299053E+005   1.226246828217961E+012   7.782177808299053E+005
  </DiscreteSampler_grid>
