 -0.00286242213071191  0.01635537105784446  0.02192463503244899  0.02805798767155804
  0.03472713753601533  0.04218310794303078  0.05037257472736922  0.05930942590329630
  0.06893955358472233  0.07931523304562434  0.09036713026218232  0.10217107969923096
  0.11458154563142033  0.12753591592753943  0.14111869719112363  0.15518602304642004
  0.16979068385841783  0.18477901836124486  0.20009171127718497  0.21573595268467857
  0.23161172598262564  0.24760557477530179  0.26369358701155010  0.27984817480589375
  0.29594176198576105  0.31191831572196743  0.32777500096052936  0.34355591573032268
  0.35918160464513021  0.37460391416925742  0.38974964211831920  0.40460662623938526
  0.41921119334655704  0.43357351871147959  0.44770555837184856  0.46160966050086283
  0.47529673854824950  0.48875610514487977  0.50196681594656289  0.51490092668051868
  0.52756123713839342  0.53998883463731584  0.55219503482603804  0.56419575684998069
  0.57600355943023052  0.58759391301511454  0.59896671827674042  0.61010493527394183
  0.62105916195727484  0.63182685733634814  0.64242467359519972  0.65286870326279822
  0.66316865027368499  0.67332214863636652  0.68330933105205383  0.69312209641765909
  0.70276574773504774  0.71224178938511895  0.72157868040640960  0.73081334186373847
  0.73994234219142430  0.74889939981531473  0.75775965704926862  0.76652667184690004
  0.77516252239466654  0.78368159240330038  0.79210972336799534  0.80046049354850157
  0.80866500987215273  0.81675987197794175  0.82476110889536625  0.83268172435377030
  0.84052575130616980  0.84822830279510286  0.85585708039422481  0.86342860773448515
  0.87093569692398909  0.87836962481299574  0.88573206965764795  0.89293765715615259
  0.90007266755087367  0.90715995259349513  0.91420186523943470  0.92109051103198303
  0.92794506407237765  0.93475247191576172  0.94150144231800414  0.94816827771532664
  0.95477639923587831  0.96135691881826302  0.96791033096009760  0.97442936688971626
  0.98086831830800814  0.98727518365428169  0.99365211096286699  1.00000000000000000
 -0.00261135897300066  0.01047575325601218  0.02159782310718921  0.03258151545810276
  0.04405883491345719  0.05499156562699918  0.06551883635293945  0.07569273841808533
  0.08594157198036416  0.09637955957409700  0.10664196406665077  0.11680946118276074
  0.12717172521234943  0.13768737088953034  0.14840129049730286  0.15887154954575819
  0.16913723263732289  0.17926439378353345  0.18938597291794490  0.19947424844773501
  0.20978480491045703  0.22069122381014453  0.23208162470927610  0.24363396072852930
  0.25499232462308524  0.26597210862663428  0.27653345431108201  0.28693794050308785
  0.29706513050926897  0.30699948310201974  0.31698464391410097  0.32720835320543656
  0.33765110685647615  0.34817226912326077  0.35955950517464663  0.37119240331874509
  0.38232981084382794  0.39344433002724505  0.40422662596998538  0.41491008067918655
  0.42561659832556331  0.43630364340507849  0.44686429107824471  0.45743562903270873
  0.46870888394332072  0.47993744842735975  0.49072935005955109  0.50179192008980622
  0.51343273811275658  0.52488282014673371  0.53576258780069830  0.54621034184991291
  0.55665112378542447  0.56703063513051200  0.57743864791495303  0.58763411745361005
  0.59794885519635921  0.60818634064093802  0.61872259364791260  0.62911293575932092
  0.63952703481189699  0.64967234857165301  0.65951179169168495  0.66958143867545727
  0.68001207327437652  0.69041997869586491  0.70057924827451323  0.71071647812233707
  0.72094409400756720  0.73120899048203036  0.74099810344405703  0.75074394219803275
  0.76035077815424468  0.77021397216353227  0.78035191175352070  0.79071825221924208
  0.80115950288712978  0.81149908090914391  0.82169285073244747  0.83206220577780965
  0.84219158433622177  0.85213687094479129  0.86204983491152731  0.87210671283473218
  0.88232606848210693  0.89221082159235643  0.90243967167098726  0.91288237581588172
  0.92336468868188781  0.93397098986671712  0.94478217762839112  0.95630592407016923
  0.96722390179890683  0.97823993111085061  0.98894291945445800  1.00000000000000000
   2.0154368116949621E-004  -1.0000000000000000     
 F F F F F F F F F F F F F F F F F F F F F F F F F F F F F F F F
  <DiscreteSampler_grid>
  grouped_processes
  1 # 1 for a reference and 2 for a running grid.
  10 # Attribute 'min_bin_probing_points' of the grid.
  1 # Attribute 'grid_mode' of the grid. 1=='default',2=='initialization'
  0.0000000000000000 # Attribute 'small_contrib_threshold' of the grid.
  0.5000000000000000 # Attribute 'damping_power' of the grid.
 # binID   n_entries weight   weight_sqr   abs_weight
    10   10   1.060076983678180E+006   1.818112147862116E+012   1.060076983678180E+006
  </DiscreteSampler_grid>
