 -0.00357391332701447  0.01629116930187563  0.02181116459352026  0.02795636233037411
  0.03463560459425349  0.04211137627206544  0.05028324649477199  0.05920737395123320
  0.06886123407201222  0.07923206249587907  0.09024320130120761  0.10199113420350463
  0.11434468740171433  0.12731231354579448  0.14091115361659992  0.15496117099120096
  0.16955188172637015  0.18455481383455871  0.19987735821346547  0.21551662726802390
  0.23137199927447016  0.24736250007889049  0.26341975878438267  0.27951830146795886
  0.29561779858770043  0.31165847535002295  0.32758058998955336  0.34332545672496423
  0.35887184689417301  0.37421600636488428  0.38934403894674569  0.40423867600309460
  0.41889512832663400  0.43330298576493653  0.44746833586892837  0.46139329804963475
  0.47507317544851513  0.48850698592108488  0.50168459357414597  0.51460663506657711
  0.52728643783369877  0.53973435991543739  0.55195109308418089  0.56395928313549515
  0.57576936685405222  0.58737566572872413  0.59876117762276759  0.60990903341385205
  0.62087867215144865  0.63166787117198231  0.64228463934312241  0.65272580823573101
  0.66300163851818505  0.67313697895030611  0.68314125141654802  0.69299543842755196
  0.70269963049289141  0.71221677536508654  0.72158762780055263  0.73085292552214420
  0.74000213869742748  0.74895755822561583  0.75782214262233627  0.76659284510771586
  0.77521804479712297  0.78372462508715424  0.79214385245451713  0.80047714649560908
  0.80867576666421526  0.81676228652633109  0.82476836746494508  0.83270609932180195
  0.84057001554287480  0.84828579046408892  0.85591455906672143  0.86346253140791906
  0.87092692198863508  0.87830795680701945  0.88560734217870907  0.89278904974249573
  0.89991815094281247  0.90701391376296980  0.91407995177442070  0.92098920660850814
  0.92785810650333889  0.93467373024376477  0.94142754791725625  0.94810665312187703
  0.95472329518222399  0.96131546340464513  0.96787718195299333  0.97439130898651249
  0.98083773968963106  0.98724741676799499  0.99363125196176161  1.00000000000000000
 -0.00256516168620868  0.00999190956840862  0.02065163287888997  0.03123640049088916
  0.04188918191876986  0.05251323009410256  0.06304334797042566  0.07322997496097852
  0.08327072448069191  0.09362341487870290  0.10408695664266109  0.11457477409481133
  0.12509576247803719  0.13579236684863391  0.14663389247324629  0.15739748685425606
  0.16802251496617426  0.17863349533407288  0.18930002530215126  0.20008169667012909
  0.21096272437053007  0.22213535275481588  0.23355891559238612  0.24504090738810502
  0.25595052203209756  0.26652777465725797  0.27686025255484392  0.28724502917476508
  0.29750821106308950  0.30774902402278764  0.31790381654077310  0.32801858072933215
  0.33824820034426267  0.34843913506982721  0.35854303381048874  0.36846200276844909
  0.37845592124295641  0.38858828778929766  0.39883816544100120  0.40908574764378980
  0.41938705415975996  0.42976864326399966  0.44026725036642461  0.45097835936240527
  0.46172534290569728  0.47215727503479044  0.48253105508230970  0.49286821200569780
  0.50321586071847801  0.51372323406727360  0.52456415726736305  0.53543743792432796
  0.54585308477414463  0.55608176393970687  0.56645081447018530  0.57675288112715917
  0.58724862899820973  0.59787009871864960  0.60844700766398119  0.61897509063921030
  0.62962024958678076  0.64066078856119513  0.65124253209743732  0.66168527278402811
  0.67232706753121962  0.68282920046781515  0.69364248123597660  0.70440441326573733
  0.71520826484997868  0.72567908097801004  0.73586226787124676  0.74619354740145527
  0.75669348746174170  0.76722674512600242  0.77739670366468017  0.78765701252183562
  0.79805786064255946  0.80867356440305971  0.81897766065506594  0.82919930766404493
  0.83958683215681695  0.85024866639706143  0.86042008772883338  0.87083352378736889
  0.88144828116399365  0.89287869486681015  0.90398223490317642  0.91504466700052056
  0.92540652842543702  0.93573730704124469  0.94607519170652943  0.95644341223828078
  0.96698593034657943  0.97778313350774693  0.98885127886201718  1.00000000000000000
   4.2653733861822717E-005  -1.0000000000000000     
 F F F F F F F F F F F F F F F F F F F F F F F F F F F F F F F F
  <DiscreteSampler_grid>
  grouped_processes
  1 # 1 for a reference and 2 for a running grid.
  10 # Attribute 'min_bin_probing_points' of the grid.
  1 # Attribute 'grid_mode' of the grid. 1=='default',2=='initialization'
  0.0000000000000000 # Attribute 'small_contrib_threshold' of the grid.
  0.5000000000000000 # Attribute 'damping_power' of the grid.
 # binID   n_entries weight   weight_sqr   abs_weight
    10   10   7.152059943642362E+005   6.142918951582908E+011   7.152059943642362E+005
  </DiscreteSampler_grid>
