 -0.00367438283064943  0.01626761417899642  0.02176164984769449  0.02790568990683445
  0.03457495190803487  0.04203500339209569  0.05019377574224645  0.05909274295037280
  0.06871008537329192  0.07905642245721681  0.09007109579934892  0.10182349923494685
  0.11420841857896889  0.12720925546345685  0.14083607357415662  0.15490983205716813
  0.16951348020101226  0.18451999170318967  0.19985558152412181  0.21551284017204694
  0.23137819166167004  0.24739475844731831  0.26349497697171181  0.27962565196945816
  0.29571542734410478  0.31173955154853689  0.32764901212130298  0.34341273341297701
  0.35897923553431776  0.37434818268073050  0.38949057791355496  0.40439259635954772
  0.41905001975854334  0.43345088047126246  0.44758676639702727  0.46146262939102556
  0.47509700092755192  0.48850402927935299  0.50168251992452939  0.51462073020647503
  0.52731531428025979  0.53976738816896086  0.55199167409076411  0.56400190226532687
  0.57580475634728256  0.58739808872620347  0.59875842294587978  0.60991234787420789
  0.62089463324968386  0.63171306432508445  0.64237616419284727  0.65285115864659293
  0.66313573280238680  0.67326933123730093  0.68324305806331009  0.69305050959132131
  0.70271831573764487  0.71223115747043797  0.72161545632561452  0.73089624579732171
  0.74005824290909128  0.74902562267645889  0.75789126439929189  0.76666131719945074
  0.77529167028440116  0.78379828139621965  0.79220939516956190  0.80053618988802688
  0.80872541778137452  0.81679882962882344  0.82478614804303596  0.83270045586181429
  0.84053820699028525  0.84823286072022697  0.85585222585358589  0.86340735146286873
  0.87089041233645204  0.87829344223946526  0.88562071974984091  0.89283545364147965
  0.89998824105484165  0.90709733013244664  0.91416967501430424  0.92105695662392539
  0.92790536909397514  0.93469894538984943  0.94143003244959444  0.94809436616231191
  0.95470817891486848  0.96129991105971624  0.96786366078305730  0.97438250702170659
  0.98082727319832985  0.98724029785858358  0.99362898501051578  1.00000000000000000
 -0.00253170146300285  0.00940769439722590  0.02004613300290964  0.03067523343456317
  0.04143325378431341  0.05185935588625772  0.06218701048760915  0.07229336410671659
  0.08254225120450191  0.09326692030891977  0.10382047327107874  0.11445432625918556
  0.12520931971910268  0.13632653884268564  0.14734505818275292  0.15821653280915862
  0.16911587468598099  0.17996794812331224  0.19060813385752817  0.20116007054267548
  0.21171200807066198  0.22223706352311282  0.23281320945532849  0.24340535863151497
  0.25403326390233638  0.26460094074954921  0.27501702267607492  0.28534714097511799
  0.29564551321126520  0.30585506280228747  0.31615879533213492  0.32666125392855538
  0.33734997581215043  0.34828382845164740  0.35924945916380152  0.37028457183309282
  0.38096703651287411  0.39137723941713387  0.40154406079427835  0.41170056224026114
  0.42199842591452713  0.43230385456715287  0.44269400271614007  0.45311862242535939
  0.46354870338464998  0.47399343322680204  0.48426414339055235  0.49461151194340225
  0.50504992053973585  0.51512934635849617  0.52516578127475710  0.53540988395986067
  0.54603029562418104  0.55696229110810780  0.56757997884855582  0.57801336738688647
  0.58835794912464112  0.59856049262223421  0.60920329432180420  0.62023538969872960
  0.63124240884936089  0.64221633509158738  0.65273916081039662  0.66332109501879055
  0.67370590613035308  0.68394588550388691  0.69434779599777863  0.70459521888365528
  0.71518937376621183  0.72580350754037171  0.73688524991672988  0.74794969487832264
  0.75909705460553090  0.76996008353471546  0.78092171451451531  0.79152611075943358
  0.80213988901562372  0.81253180673793557  0.82335473333627751  0.83428956385598563
  0.84487233912343251  0.85535182937462129  0.86545950331490973  0.87579871629382300
  0.88621349713893283  0.89644758980477757  0.90679980121648096  0.91716746081131839
  0.92756693970490278  0.93818844711177263  0.94848643435381719  0.95873204852061833
  0.96862341780570826  0.97873294362400487  0.98917318173219881  1.00000000000000000
   4.2624001100631153E-005  -1.0000000000000000     
 F F F F F F F F F F F F F F F F F F F F F F F F F F F F F F F F
  <DiscreteSampler_grid>
  grouped_processes
  1 # 1 for a reference and 2 for a running grid.
  10 # Attribute 'min_bin_probing_points' of the grid.
  1 # Attribute 'grid_mode' of the grid. 1=='default',2=='initialization'
  0.0000000000000000 # Attribute 'small_contrib_threshold' of the grid.
  0.5000000000000000 # Attribute 'damping_power' of the grid.
 # binID   n_entries weight   weight_sqr   abs_weight
    10   10   7.256948547600240E+005   7.373963885577886E+011   7.256948547600240E+005
  </DiscreteSampler_grid>
