 -0.00342788680592439  0.01625875627937039  0.02175355783019232  0.02789312577417316
  0.03456489239248835  0.04204083978608053  0.05021814432609177  0.05913949944560716
  0.06877888894299772  0.07913764565296931  0.09013915693185465  0.10187214174944827
  0.11424157122986536  0.12721478260167093  0.14081219281328919  0.15487706855835917
  0.16948524066574305  0.18450527486573934  0.19980894917873848  0.21540061146221595
  0.23124407185525570  0.24726234297248689  0.26335818500744063  0.27949245809952045
  0.29562213255097103  0.31168746889818727  0.32763539950802623  0.34339204157145126
  0.35896196011438108  0.37432432310788760  0.38946112470988764  0.40435343295326026
  0.41900427745013413  0.43340180468613970  0.44755201433565034  0.46146182057604612
  0.47512679517408257  0.48854718613674369  0.50172051508969751  0.51465428569419125
  0.52735514356870961  0.53980895548549102  0.55202628082248872  0.56401756064850839
  0.57580943648516691  0.58740802846175566  0.59879798400123130  0.60996721348795024
  0.62095268070214948  0.63176068145616848  0.64239864392470836  0.65284648358970410
  0.66310397020723200  0.67319990173785382  0.68314408731506593  0.69293339732386527
  0.70258581884499904  0.71210511342980876  0.72149934428343965  0.73078785737466889
  0.73995839372929184  0.74893507071599374  0.75780223440406569  0.76656993113068683
  0.77520677497571111  0.78373405962140041  0.79217621640131342  0.80052575694614003
  0.80872707895674678  0.81681301787574623  0.82481138566511292  0.83273036133628975
  0.84055992820115688  0.84822899131980256  0.85583104133797405  0.86337358060787128
  0.87084695732266937  0.87824053035065819  0.88556393551090407  0.89277930047311849
  0.89993478366982149  0.90704415716031250  0.91410754951599882  0.92100348214204852
  0.92785839776628931  0.93466827353160364  0.94142746759045892  0.94811477497515306
  0.95474629570796909  0.96134409159910206  0.96790360989543067  0.97441129976821383
  0.98084795643441780  0.98725062129058694  0.99363087582908827  1.00000000000000000
 -0.00234143572581655  0.00951520978644475  0.01972501248665187  0.03029180101059752
  0.04091107934355254  0.05169608627210456  0.06239713110323708  0.07309295726975602
  0.08381043361056838  0.09441392808726820  0.10495830411186061  0.11516819346275425
  0.12546855030045995  0.13599359428283123  0.14670634375866534  0.15727624808237720
  0.16773281119482161  0.17860755760086047  0.18956299425071979  0.20059875270405317
  0.21142421481449633  0.22231786970953624  0.23340404443789364  0.24465745379724496
  0.25607716311301992  0.26759809224720882  0.27877472845286966  0.28989824417306603
  0.30061523634729365  0.31173173574687030  0.32284145702271594  0.33404877672700578
  0.34445803474411413  0.35467834630585748  0.36476300878224027  0.37488907520830123
  0.38519180751997600  0.39544997201043569  0.40652563871844982  0.41728954726986445
  0.42770000162832694  0.43808394201028494  0.44881912206569380  0.45964019657358968
  0.46989519560348175  0.48032626342553725  0.49072270596300438  0.50119700181863025
  0.51143087704869195  0.52169696496288376  0.53228258785519977  0.54249102146157180
  0.55265092179494024  0.56306877838266300  0.57356964360674656  0.58398733532108216
  0.59392492219878112  0.60378467092496890  0.61411922923057205  0.62480149421041964
  0.63561828212173632  0.64627625285571100  0.65676732584838371  0.66735955822221926
  0.67779169974354780  0.68825147107517082  0.69866731752901701  0.70913654218641398
  0.71926218347311965  0.72932218919548830  0.73915490985627696  0.74892159198099906
  0.75863490070241713  0.76844616846690084  0.77874139553342037  0.78914746221211318
  0.79972534379563975  0.81012044606000044  0.82069240760587059  0.83102173719366501
  0.84131276882113926  0.85141256316356062  0.86174923998001207  0.87217041858168065
  0.88266253356845825  0.89318054125974256  0.90373063505530193  0.91436927723405881
  0.92479968197489282  0.93533674325742344  0.94605248315339785  0.95691398364868296
  0.96788389109932871  0.97854611505345379  0.98939208301331727  1.00000000000000000
   4.2125325245179321E-005  -1.0000000000000000     
 F F F F F F F F F F F F F F F F F F F F F F F F F F F F F F F F
  <DiscreteSampler_grid>
  grouped_processes
  1 # 1 for a reference and 2 for a running grid.
  10 # Attribute 'min_bin_probing_points' of the grid.
  1 # Attribute 'grid_mode' of the grid. 1=='default',2=='initialization'
  0.0000000000000000 # Attribute 'small_contrib_threshold' of the grid.
  0.5000000000000000 # Attribute 'damping_power' of the grid.
 # binID   n_entries weight   weight_sqr   abs_weight
    10   10   8.491541961817011E+005   1.158531602157807E+012   8.491541961817011E+005
  </DiscreteSampler_grid>
