 -0.00124065612283003  0.00363637125051288  0.00853428476032794  0.01330651796076698
  0.01813953617797837  0.02309747965350980  0.02808546527566331  0.03309692145417827
  0.03812956402889727  0.04322278408169773  0.04837912103190643  0.05356118235023418
  0.05876369756126195  0.06402390662041084  0.06934098004358140  0.07468800829971367
  0.08006103971027037  0.08547766130486227  0.09097058972100330  0.09649637917418413
  0.10205586426996155  0.10770214250550596  0.11340373314180756  0.11914238007666744
  0.12492638398773456  0.13078064706795176  0.13670332830655926  0.14266830966499530
  0.14871256172967801  0.15482596230429785  0.16098670421467409  0.16721894679168542
  0.17354192386279130  0.17992018983311051  0.18634612274393100  0.19288381277278469
  0.19949811614885546  0.20617395634527902  0.21293717452240737  0.21977482880970869
  0.22667292066767100  0.23366628828431110  0.24077073731553505  0.24793967173946749
  0.25522414567917845  0.26262537234328998  0.27006990499879224  0.27771021688191744
  0.28541166333909901  0.29324153608915537  0.30119552435256680  0.30925649664779475
  0.31746374964937668  0.32580357254860737  0.33428244600513013  0.34292627875439913
  0.35170471382948809  0.36064553097550717  0.36974766845300638  0.37902973286709835
  0.38850444896227115  0.39816592116348321  0.40803723566839445  0.41811379452303388
  0.42842814489291253  0.43896342228876889  0.44975703869538253  0.46079615611575370
  0.47213286082116485  0.48375138201837076  0.49569940115548811  0.50797393947291003
  0.52061790095109706  0.53363302805584245  0.54709656357376857  0.56097420647098117
  0.57538044365910168  0.59028024736987528  0.60581764159825768  0.62194323817448871
  0.63873406855547343  0.65624668835409061  0.67454479694311631  0.69378303538443065
  0.71402183447703316  0.73521005912354409  0.75749638373924322  0.78091570789104081
  0.80563329495701552  0.83154600556470404  0.85850152400789348  0.88630825266712754
  0.91474091037524385  0.94340768940882236  0.97188017148494865  1.00000000000000000
 -0.00243713540487515  0.00958995513294561  0.02000632787004095  0.03048878489399196
  0.04102089277229390  0.05148645256761033  0.06200300601790458  0.07257653557711907
  0.08317539047746400  0.09388974676388002  0.10458224534690279  0.11505764985837885
  0.12539886372090367  0.13578631283536485  0.14623488455170275  0.15678140242789912
  0.16734031034417871  0.17805599307700601  0.18884357930977394  0.19958831508379729
  0.21029237359175149  0.22106222530132863  0.23177278019705222  0.24236018701862053
  0.25279463902659932  0.26307067112454163  0.27328198113108315  0.28337607234744910
  0.29354471289625722  0.30390479859455943  0.31421924701978454  0.32470048074910357
  0.33509557171950566  0.34580492516880124  0.35660831412122007  0.36735065648681281
  0.37795551701402857  0.38824554019883162  0.39865452399466517  0.40907886942157251
  0.41986124354413518  0.43076925678374178  0.44147968464302001  0.45229306137637182
  0.46294119240719450  0.47378611405018189  0.48443017139560063  0.49503274847952294
  0.50545398984571743  0.51590414960832942  0.52640550470208158  0.53704191393904321
  0.54778415061857955  0.55851400360754977  0.56919208984852465  0.57960240935331375
  0.58994324884131177  0.60033586775125858  0.61091006099565726  0.62135188567737443
  0.63158244943330422  0.64163702980539739  0.65190242060818893  0.66219705943142027
  0.67262461076416336  0.68314178353511390  0.69379930962743663  0.70460861636628336
  0.71544063382287792  0.72624200565364461  0.73686276733622758  0.74753498891096426
  0.75818271204915089  0.76889439883803545  0.77929065509025996  0.78978786805201517
  0.80025210708350369  0.81083176982502803  0.82119461755111289  0.83175080449687366
  0.84235475271768900  0.85300819075728740  0.86349530324538704  0.87409693349268658
  0.88470851771254266  0.89530641968415026  0.90582102623308181  0.91631428491760170
  0.92679116324885513  0.93724795685904427  0.94776795244178935  0.95831039210882973
  0.96881456202044214  0.97915100621606910  0.98955461314657789  1.00000000000000000
   2.7543409110496039E-007  -1.0000000000000000     
 F F F F F F F F F F F F F F F F F F F F F F F F F F F F F F F F
  <DiscreteSampler_grid>
  grouped_processes
  1 # 1 for a reference and 2 for a running grid.
  10 # Attribute 'min_bin_probing_points' of the grid.
  1 # Attribute 'grid_mode' of the grid. 1=='default',2=='initialization'
  0.0000000000000000 # Attribute 'small_contrib_threshold' of the grid.
  0.5000000000000000 # Attribute 'damping_power' of the grid.
 # binID   n_entries weight   weight_sqr   abs_weight
    10   10   3.036582078334561E+006   1.116893558796574E+013   3.036582078334561E+006
  </DiscreteSampler_grid>
