 -0.00366703778467719  0.01626415126056626  0.02175681632792670  0.02788473401565910
  0.03453365368631984  0.04198927771180375  0.05012498566070991  0.05901548333144118
  0.06863147478563141  0.07893898888704320  0.08986390272121843  0.10155459450147361
  0.11390056178932588  0.12684031745112040  0.14038362725072412  0.15439747692119415
  0.16895791136181448  0.18390900204520572  0.19920319946625362  0.21484499284674730
  0.23071079126344257  0.24671785502758167  0.26276519971030671  0.27884633348071219
  0.29494491837053310  0.31098442723369213  0.32692577125369732  0.34271086014680341
  0.35828354195521589  0.37363697904171983  0.38879504500271372  0.40376437432787826
  0.41850397598425942  0.43297122915500796  0.44716870837748829  0.46108849752825026
  0.47477162706895565  0.48819480175914703  0.50134505179148248  0.51421132030075578
  0.52680340912619983  0.53918345177713456  0.55135882258574631  0.56335122160743811
  0.57516858771332857  0.58680330722303142  0.59820974000659211  0.60937844136948205
  0.62035138244967192  0.63113371834259391  0.64176518281901451  0.65222895805566250
  0.66252990752223007  0.67270297355398545  0.68271295074147498  0.69253784590977086
  0.70223641253077984  0.71176472523110046  0.72115491855263736  0.73043966610841005
  0.73960907226631001  0.74860214457983310  0.75746244621504866  0.76624304408974553
  0.77486852055482558  0.78338920286315161  0.79183978429256674  0.80018510633219431
  0.80839173875901049  0.81647699855577016  0.82448416354261378  0.83241561500407646
  0.84025197084625936  0.84794760954694104  0.85553833681183489  0.86305171588278418
  0.87049454445277741  0.87787150232494959  0.88518537462068647  0.89241107680781229
  0.89957734433453873  0.90668690152506137  0.91373527118373166  0.92066895288981054
  0.92755982462452735  0.93439319749288430  0.94116372304965801  0.94787407024698878
  0.95451937414680899  0.96114632816147971  0.96774415834136551  0.97428539601513597
  0.98075318127702249  0.98718598335043140  0.99359717280462034  1.00000000000000000
 -0.00232036125447513  0.01048216235896492  0.02113930288260078  0.03155871342352736
  0.04194234140751219  0.05288735734350723  0.06400361748517262  0.07520741408756854
  0.08628079475584197  0.09698965050477992  0.10708294358368184  0.11639087441184534
  0.12555058531613020  0.13453326804865434  0.14380079656185732  0.15322596844922876
  0.16259537033110233  0.17187925214561445  0.18129558892595854  0.19103627162468953
  0.20130646772370325  0.21163642201350677  0.22218701397730814  0.23304862838616275
  0.24429021434658110  0.25547537717996899  0.26600084498421328  0.27598916335463036
  0.28526038368436762  0.29482818382449627  0.30464230771050732  0.31483554481288539
  0.32559781521461484  0.33689551256541039  0.34869596605876385  0.36021881184341981
  0.37157423381763072  0.38241190797448632  0.39297207589076422  0.40326714335861874
  0.41358779177097948  0.42388098877877478  0.43411467124215786  0.44453333944552004
  0.45483620495366295  0.46454863349301312  0.47436515215737085  0.48476683687091421
  0.49549648566478605  0.50631657067936719  0.51761368707434197  0.53007500707509148
  0.54274895057511063  0.55472368616661416  0.56621962450175889  0.57773291402601157
  0.58917201267270725  0.60083713984457499  0.61279819830278581  0.62455167725189520
  0.63568433855036266  0.64599685531301687  0.65575102722259748  0.66563694494911407
  0.67573684218602648  0.68582578372642944  0.69582273403667405  0.70594209679492836
  0.71660671919357000  0.72736642140623065  0.73786049778199936  0.74809735585513182
  0.75841186297579144  0.76859778031521409  0.77908993357180689  0.78932725358402167
  0.79942303794734659  0.80984680449798752  0.82126944719391171  0.83280216139886065
  0.84432200862330664  0.85518054830206125  0.86649237626507891  0.87740336422891052
  0.88802588467256283  0.89833352994012861  0.90815194115928355  0.91826680524863946
  0.92799190316054647  0.93765821479406863  0.94772995765914680  0.95780297904817113
  0.96842260881733211  0.97876955035024216  0.98945417024488713  1.00000000000000000
   2.0257119992867002E-004  -1.0000000000000000     
 F F F F F F F F F F F F F F F F F F F F F F F F F F F F F F F F
  <DiscreteSampler_grid>
  grouped_processes
  1 # 1 for a reference and 2 for a running grid.
  10 # Attribute 'min_bin_probing_points' of the grid.
  1 # Attribute 'grid_mode' of the grid. 1=='default',2=='initialization'
  0.0000000000000000 # Attribute 'small_contrib_threshold' of the grid.
  0.5000000000000000 # Attribute 'damping_power' of the grid.
 # binID   n_entries weight   weight_sqr   abs_weight
    10   10   7.438304500650821E+005   7.374523746803018E+011   7.438304500650821E+005
  </DiscreteSampler_grid>
