 -0.00349444329893603  0.01626425749560353  0.02177144902922210  0.02790827673426958
  0.03457835023469599  0.04205095754953326  0.05022785133133304  0.05915183181252964
  0.06879764289835884  0.07915706016192238  0.09015640353928531  0.10189824338806359
  0.11427384254204341  0.12726121589093364  0.14085780630593611  0.15490238934016906
  0.16950399455338269  0.18450344493656282  0.19982249969017596  0.21543639736474765
  0.23127159151155302  0.24725427539352690  0.26334489235684949  0.27949360672412937
  0.29561075681454035  0.31162813847140403  0.32751587732094922  0.34324873350792617
  0.35881158791095252  0.37417076615312422  0.38930330802655622  0.40420137606659590
  0.41887647589305010  0.43330703169317769  0.44747736218134426  0.46138433232609127
  0.47504434298591725  0.48846116193955208  0.50163121020661539  0.51454409723461325
  0.52719980772489039  0.53962061484559753  0.55180999831605826  0.56379376653613511
  0.57558688814760595  0.58718033157064731  0.59856145721588383  0.60973325438091086
  0.62073153612507659  0.63155409939945173  0.64220709657138064  0.65268330145065878
  0.66298945191683822  0.67314657943308132  0.68315233952479149  0.69299977343307717
  0.70269147077020844  0.71221787992279206  0.72160963297445690  0.73089362576064942
  0.74005655537488135  0.74902873680963333  0.75788861594751655  0.76664947485361024
  0.77527454249273597  0.78378080245900317  0.79219461336929398  0.80052373840588753
  0.80871435117127555  0.81679681161946260  0.82479629007759747  0.83272391618461206
  0.84057646421986265  0.84828398090464296  0.85592084089821197  0.86349115243999375
  0.87098740330738866  0.87840390964304804  0.88575045076805115  0.89298138478267741
  0.90014378727198041  0.90725496698882846  0.91432272919034197  0.92120690604556255
  0.92805233065195480  0.93484512743347914  0.94157695815145992  0.94823736514586343
  0.95485159474383041  0.96142732599188996  0.96796526697132490  0.97446459290403242
  0.98090085154679296  0.98729459509880912  0.99365705696660456  1.00000000000000000
 -0.00248709764830993  0.00987210521521205  0.02029334699606058  0.03059578349624857
  0.04104275416394597  0.05163966022848489  0.06236606069802326  0.07272429346623756
  0.08322467494546455  0.09381379409321697  0.10425213742337408  0.11413170278979093
  0.12415614937973544  0.13483561431561567  0.14567231834279531  0.15661385001153710
  0.16763522092622457  0.17887209499852594  0.18973082710360253  0.20036220467214017
  0.21111929782822053  0.22202205153428053  0.23269578307165154  0.24315346656467038
  0.25350697169945285  0.26395876738863699  0.27439978374136675  0.28459742807002136
  0.29488671705145797  0.30535321140352600  0.31599570928315213  0.32677598869519253
  0.33721781292517600  0.34742378014660147  0.35749433205211867  0.36746895798811724
  0.37779689668681965  0.38812605098648628  0.39831660146577325  0.40845470753044921
  0.41847158562848763  0.42921449448495913  0.43996830929104391  0.45106241110010520
  0.46222724984806668  0.47330760859954718  0.48404781315701423  0.49425753176448906
  0.50440747300291489  0.51481039000185602  0.52565138968150271  0.53645865275537363
  0.54704338262597996  0.55765479568743481  0.56815095711330299  0.57853930873501513
  0.58905765815878430  0.59970441502725780  0.61066862128781885  0.62171717687182848
  0.63261175219896360  0.64334602603507041  0.65382299921523668  0.66415199828786675
  0.67413042970246484  0.68397692482606520  0.69416969134626860  0.70452032609982917
  0.71459725975002775  0.72466144784925746  0.73496745756230109  0.74561369426356672
  0.75623152840862573  0.76681653497492941  0.77755715108401124  0.78876221303845728
  0.80040571616079981  0.81192808097069025  0.82268112732844989  0.83302779322396203
  0.84349676087402825  0.85401366447162130  0.86427546606714001  0.87459439205903355
  0.88500598181108847  0.89577141251936943  0.90641715499261843  0.91707110580715379
  0.92791449724097252  0.93845637868922138  0.94862237619196133  0.95840913012289508
  0.96896534757933039  0.97935980514151599  0.98972013675123849  1.00000000000000000
   4.2853715065032195E-005  -1.0000000000000000     
 F F F F F F F F F F F F F F F F F F F F F F F F F F F F F F F F
  <DiscreteSampler_grid>
  grouped_processes
  1 # 1 for a reference and 2 for a running grid.
  10 # Attribute 'min_bin_probing_points' of the grid.
  1 # Attribute 'grid_mode' of the grid. 1=='default',2=='initialization'
  0.0000000000000000 # Attribute 'small_contrib_threshold' of the grid.
  0.5000000000000000 # Attribute 'damping_power' of the grid.
 # binID   n_entries weight   weight_sqr   abs_weight
    10   10   7.560613650177353E+005   9.070241036606318E+011   7.560613650177353E+005
  </DiscreteSampler_grid>
