 -0.00365804175840395  0.01620695693193977  0.02167484156924399  0.02782087572466098
  0.03447998693166690  0.04194555131076521  0.05009419485066901  0.05900192878886937
  0.06863358298087741  0.07897941766303045  0.08999656146752723  0.10176437706972327
  0.11414875864133486  0.12713468560516725  0.14072008254565857  0.15477001608825883
  0.16937530331466943  0.18439351216647532  0.19970240166234371  0.21533441301252329
  0.23120607317475911  0.24720898789006857  0.26328382318081461  0.27939333257754512
  0.29547579074253200  0.31149683364674258  0.32741524518504972  0.34317803788242451
  0.35875847773472103  0.37412881612563725  0.38926165118101341  0.40416469773490477
  0.41884336983125114  0.43327402812742960  0.44743617847909911  0.46133373449483545
  0.47497331877287025  0.48836071212764975  0.50150128701837304  0.51439264566153731
  0.52705265236058285  0.53950539730702984  0.55172903316409960  0.56373279132826215
  0.57552311158830372  0.58711663445253048  0.59848514562551380  0.60965934937825250
  0.62064690514504273  0.63145994431073615  0.64211275121946998  0.65258203124810232
  0.66286957464504770  0.67300828048510997  0.68299003926481150  0.69280374139350220
  0.70248508845163826  0.71200125591280206  0.72138300477943440  0.73065630256143677
  0.73980559043821958  0.74876404486647841  0.75761936363587223  0.76638563538997218
  0.77502116770786433  0.78354507442193788  0.79198326820436971  0.80033873965201396
  0.80853248103955355  0.81662533553786909  0.82463440659353204  0.83256224751527330
  0.84040130287921855  0.84810676111600014  0.85573634956577471  0.86329743007076631
  0.87078489118918467  0.87819548444394202  0.88553299195281665  0.89275403576006929
  0.89991408393496786  0.90703255505513869  0.91411692280087653  0.92101534934947804
  0.92787457289930686  0.93467998150357934  0.94142221438201823  0.94808763079779967
  0.95470201061879190  0.96129306299778305  0.96785595900660548  0.97437479593716614
  0.98082242280232756  0.98723690639074579  0.99362679280195287  1.00000000000000000
 -0.00234671709227387  0.00940869653328471  0.01927623611485730  0.02988251046850620
  0.04031310966816873  0.05118165352940734  0.06168621696928259  0.07274920941627505
  0.08359052640962888  0.09475176999210276  0.10606250031983512  0.11677420971397241
  0.12735943940935937  0.13791829543093292  0.14853672001858972  0.15926386311789240
  0.17003258200103635  0.18096530012457696  0.19195372433635072  0.20245924493274950
  0.21294573804752376  0.22327596840343794  0.23332014170400611  0.24348296783534729
  0.25399808645602423  0.26488128004168332  0.27592708874640520  0.28686942533069648
  0.29758610908376781  0.30825416404000611  0.31863032765663746  0.32924348117487040
  0.33970601059759670  0.34968459858025125  0.35960867195227703  0.36966285629171541
  0.38040192146627316  0.39133471099253780  0.40216640953003391  0.41285921777349077
  0.42352341501229873  0.43434403216541229  0.44505104934422601  0.45566238358986116
  0.46605418035488388  0.47616747796528514  0.48652768017763892  0.49697918813799769
  0.50759492632481784  0.51818824499491523  0.52896508147725707  0.53991466217396100
  0.55087899211390101  0.56186797475164485  0.57240697097787996  0.58314157609978789
  0.59410193890256358  0.60517055225799343  0.61608505685154569  0.62683653932187922
  0.63763118605550739  0.64826231774316700  0.65864970244086085  0.66901512550835873
  0.67941916897639520  0.69014495810601129  0.70096641470990728  0.71190366861090593
  0.72298867931141919  0.73393541776312754  0.74450789277426788  0.75484617447314217
  0.76495140742207113  0.77499148869523515  0.78511562185712092  0.79548804135975448
  0.80608876079920289  0.81654210496674084  0.82667980134163088  0.83685296913392204
  0.84681201745169943  0.85704170869363250  0.86731737913012874  0.87762271225509236
  0.88787750185243952  0.89811003289900104  0.90828742594409895  0.91863431911289917
  0.92905398938237294  0.93936354527169064  0.94959753455566331  0.95959715807244117
  0.96983182766191078  0.97996325624605163  0.98996096279740575  1.00000000000000000
   4.3050599942715613E-005  -1.0000000000000000     
 F F F F F F F F F F F F F F F F F F F F F F F F F F F F F F F F
  <DiscreteSampler_grid>
  grouped_processes
  1 # 1 for a reference and 2 for a running grid.
  10 # Attribute 'min_bin_probing_points' of the grid.
  1 # Attribute 'grid_mode' of the grid. 1=='default',2=='initialization'
  0.0000000000000000 # Attribute 'small_contrib_threshold' of the grid.
  0.5000000000000000 # Attribute 'damping_power' of the grid.
 # binID   n_entries weight   weight_sqr   abs_weight
    10   10   6.338247264411387E+005   4.834374600260676E+011   6.338247264411387E+005
  </DiscreteSampler_grid>
