 -0.00326470726560736  0.01629472770233459  0.02181217721838017  0.02794410691352625
  0.03461950059344529  0.04209129197608688  0.05026151593547429  0.05920188668914730
  0.06885301446818812  0.07921694594974679  0.09024371228295285  0.10199832157184252
  0.11436568218240149  0.12734397358892766  0.14096179609838944  0.15503447520054120
  0.16963302188346008  0.18464061966246686  0.19996903556486645  0.21558031369456612
  0.23139571321553576  0.24736608852746936  0.26341708463751506  0.27950115279123167
  0.29557141788002850  0.31157523503797563  0.32748913214173259  0.34324916619065160
  0.35882804169712640  0.37419265174474398  0.38934803107432081  0.40427442195998819
  0.41895662219898172  0.43336413393187262  0.44750531382641262  0.46139653139520409
  0.47505555976047137  0.48847914506369106  0.50165648047769640  0.51459089590146645
  0.52728984877594987  0.53976271119116470  0.55201345995352258  0.56403043863301561
  0.57582882864239693  0.58743442956884140  0.59881922212898697  0.60999341513356176
  0.62098333787445670  0.63180148678960768  0.64244726696762944  0.65290585953746938
  0.66318183641860029  0.67330182327155708  0.68327564878037106  0.69309291174140486
  0.70278478233372388  0.71232063156358982  0.72172309121544287  0.73101024255637070
  0.74016414728978486  0.74912386331064840  0.75796554413522921  0.76670770090283002
  0.77531321656618679  0.78380410373341380  0.79221036096764919  0.80053576282658623
  0.80873221216988400  0.81681846052883855  0.82482295761738533  0.83275616440553768
  0.84061063205411790  0.84831042576481641  0.85593698619201031  0.86349349960672039
  0.87097156927800323  0.87836499238650223  0.88568273113862483  0.89288038181960605
  0.90001402380398554  0.90710073062694729  0.91414373125890813  0.92102544590326518
  0.92787687010179187  0.93468636846876474  0.94144330611111038  0.94812423458245387
  0.95475489173047179  0.96135097441243200  0.96791050888786068  0.97442571755434881
  0.98086284542597169  0.98726486044350281  0.99364104164388223  1.00000000000000000
 -0.00266777742301690  0.01007042992388209  0.02090690673979131  0.03196346497542524
  0.04279019846857024  0.05358026227622192  0.06428754458390855  0.07507225929802840
  0.08586656432532221  0.09673582313587910  0.10773821585336471  0.11893865128339093
  0.13000741610248301  0.14120741348296884  0.15203176133096460  0.16291810407990481
  0.17379874148223082  0.18464773979510965  0.19528561313666049  0.20578418664423412
  0.21638949983135511  0.22699493279948299  0.23761134900016345  0.24818803674998283
  0.25908611291646028  0.26982675372969978  0.28062926747654532  0.29108797159807598
  0.30150658008162590  0.31184857965069301  0.32231143595528733  0.33272353267561428
  0.34326283045497613  0.35376454050127237  0.36421539743233250  0.37460446624041244
  0.38524413800117313  0.39603442399286343  0.40674445376000684  0.41744414982066463
  0.42809797911026598  0.43856195207920318  0.44877453965229536  0.45926529428527618
  0.47024424679525806  0.48086987987423768  0.49153852277946314  0.50199354025441090
  0.51268583866955564  0.52313293681806505  0.53341142297454192  0.54399033926134965
  0.55466970761920209  0.56529264410941293  0.57560327205697848  0.58592815211364557
  0.59648214204490202  0.60692249336613868  0.61725936132660408  0.62747677638857224
  0.63741214027569593  0.64720476505329050  0.65709083981145455  0.66729662816972679
  0.67785713796240399  0.68852453303936423  0.69897118137740621  0.70934666911337840
  0.71958445888600930  0.73008776794892438  0.74039167470084621  0.75061878687152650
  0.76092628265441531  0.77110983174139569  0.78134736602103549  0.79183824608413145
  0.80250118012622018  0.81317663406404506  0.82325514853234860  0.83344069949164268
  0.84359162723010572  0.85358450095033611  0.86372492642544607  0.87404577871156330
  0.88529589040499701  0.89633061273635739  0.90709325105929595  0.91777597196635274
  0.92816223561906352  0.93845129914016656  0.94827906995311406  0.95806494941424791
  0.96823016314738142  0.97836802544782231  0.98921132813682477  1.00000000000000000
   4.2480956816425705E-005  -1.0000000000000000     
 F F F F F F F F F F F F F F F F F F F F F F F F F F F F F F F F
  <DiscreteSampler_grid>
  grouped_processes
  1 # 1 for a reference and 2 for a running grid.
  10 # Attribute 'min_bin_probing_points' of the grid.
  1 # Attribute 'grid_mode' of the grid. 1=='default',2=='initialization'
  0.0000000000000000 # Attribute 'small_contrib_threshold' of the grid.
  0.5000000000000000 # Attribute 'damping_power' of the grid.
 # binID   n_entries weight   weight_sqr   abs_weight
    10   10   8.913686814714519E+005   1.586909561549857E+012   8.913686814714519E+005
  </DiscreteSampler_grid>
