 -0.00360984840252077  0.01628353688805138  0.02178795874457042  0.02793130910509571
  0.03461465431844048  0.04210138091484781  0.05028598513061778  0.05921679794696370
  0.06885873583069753  0.07922088332723076  0.09022630608519404  0.10199189009195357
  0.11437077282099734  0.12735023374307375  0.14095452698583671  0.15499019226388452
  0.16959175881972935  0.18460276018704652  0.19992533394982334  0.21557007192795924
  0.23143848123594424  0.24745978519407474  0.26356698643599608  0.27971751001255618
  0.29581444585652150  0.31182430996821608  0.32772440376334705  0.34348994664547078
  0.35904649434252067  0.37439255088729184  0.38951501618425649  0.40441699849035811
  0.41908525017256887  0.43350496946178485  0.44766785499410933  0.46158354449491951
  0.47525521880328925  0.48868034656512199  0.50184438963084210  0.51474565400227168
  0.52741399655971566  0.53986172600559823  0.55208523329941395  0.56407881724538045
  0.57585950526116603  0.58744812787493039  0.59882046959444557  0.60999600432184686
  0.62098575363891084  0.63179037652984249  0.64241404998260765  0.65284773478996827
  0.66309678817446238  0.67318772941754068  0.68314409238869711  0.69296942519905702
  0.70263822831529943  0.71216532845960046  0.72156474952313798  0.73084854124753307
  0.74000470629234860  0.74899103449619087  0.75787006739476481  0.76664277657988311
  0.77527718723588313  0.78378844418005222  0.79220085333754786  0.80052601646408739
  0.80870840554653534  0.81679080992313990  0.82479440269886972  0.83272453499860644
  0.84057277864595059  0.84827737965020178  0.85591468763359468  0.86347883296806738
  0.87096463823744241  0.87837156945603689  0.88569732993771777  0.89290634194354723
  0.90005545095923378  0.90716018111429020  0.91422225184526185  0.92113163896369477
  0.92799868820141718  0.93481314694245565  0.94156675626525521  0.94824150371367855
  0.95486371019888383  0.96145346712487090  0.96800483432918416  0.97450362771042542
  0.98092043879994884  0.98730198981247697  0.99365865611134030  1.00000000000000000
 -0.00240650142681768  0.00906122037634366  0.01879481781184055  0.02904414170740851
  0.03943580979897730  0.05008055633645697  0.06081801065744694  0.07158732926857289
  0.08253625443428433  0.09356322485884565  0.10471117457636754  0.11610728612788633
  0.12730867439273574  0.13851197230439263  0.14945172940538382  0.16045201058570568
  0.17118354183039036  0.18185671825868358  0.19264351037310801  0.20339329546299853
  0.21404920244835790  0.22456696303450163  0.23508673891523427  0.24578963394970083
  0.25669793512501793  0.26757087481555458  0.27819898972751694  0.28856253368976814
  0.29881100422778878  0.30920096146954973  0.31991956316413689  0.33078281179731539
  0.34151188542188526  0.35204338821915093  0.36261030761808227  0.37322969435290393
  0.38389817772731222  0.39468168077518129  0.40551142720466904  0.41635629572495769
  0.42701651893718134  0.43736775127209987  0.44753828702606230  0.45774427508904514
  0.46804887014716334  0.47824254191705395  0.48822485184149672  0.49833411680727385
  0.50898550549558808  0.51975759097453378  0.53008579150921564  0.54019177574735966
  0.55067169244952541  0.56130567154619748  0.57148093000212552  0.58145452031662448
  0.59164005554947985  0.60200109484496056  0.61202939106456278  0.62193807371593746
  0.63209753328946328  0.64277883328286423  0.65381592592346793  0.66485325172846743
  0.67544013894634469  0.68594037947539876  0.69632104031752939  0.70676111068882197
  0.71713193039835466  0.72745467067229597  0.73777766875626938  0.74797193661709482
  0.75824191232113458  0.76852405576568605  0.77899211010769231  0.78932072957461485
  0.79984383737728004  0.81043741859517082  0.82130563416639224  0.83205675928917133
  0.84268538808681004  0.85327210068759529  0.86416347578575181  0.87494547014175883
  0.88552814262571877  0.89586356943754697  0.90619015204586428  0.91652254357214746
  0.92682466841643529  0.93714251638730439  0.94753575450894323  0.95798890323963459
  0.96839810610258759  0.97886803943566636  0.98932212839843436  1.00000000000000000
   4.2514609384736133E-005  -1.0000000000000000     
 F F F F F F F F F F F F F F F F F F F F F F F F F F F F F F F F
  <DiscreteSampler_grid>
  grouped_processes
  1 # 1 for a reference and 2 for a running grid.
  10 # Attribute 'min_bin_probing_points' of the grid.
  1 # Attribute 'grid_mode' of the grid. 1=='default',2=='initialization'
  0.0000000000000000 # Attribute 'small_contrib_threshold' of the grid.
  0.5000000000000000 # Attribute 'damping_power' of the grid.
 # binID   n_entries weight   weight_sqr   abs_weight
    10   10   6.201349723100122E+005   4.889539709942164E+011   6.201349723100122E+005
  </DiscreteSampler_grid>
