 -0.00365352710829364  0.01622091220353374  0.02169032899638529  0.02783731256926741
  0.03449808773281398  0.04197396586587501  0.05014461957241444  0.05907267766292462
  0.06870864808249638  0.07905309156661908  0.09006070284215653  0.10181227630044014
  0.11417246564940697  0.12713530684144894  0.14075011266527609  0.15482448100856275
  0.16941530146567124  0.18442832894302344  0.19973796489868018  0.21537894973768940
  0.23120813000884100  0.24718651159110727  0.26328066882170542  0.27941367049777849
  0.29550717811897964  0.31151116514223864  0.32742021489490697  0.34317220285950945
  0.35877194524398293  0.37415337548098077  0.38929570361811522  0.40419139083909833
  0.41884896581900094  0.43325671639344976  0.44741414348910691  0.46131609223905579
  0.47495771405295001  0.48835193113975411  0.50150567487101649  0.51441174271367385
  0.52708191501902402  0.53952641228795839  0.55175719626710862  0.56377966839970362
  0.57559873507137560  0.58723295047011481  0.59862527901368467  0.60980268964512407
  0.62078431468475381  0.63158583578183625  0.64223191493795495  0.65269986301596195
  0.66298287758415386  0.67311589978204367  0.68309472865309495  0.69289989674069019
  0.70255782623935192  0.71204926470591234  0.72141078517153401  0.73067738221253076
  0.73984412694131829  0.74884336327470569  0.75771700954843557  0.76649253127585415
  0.77512256632345133  0.78363174800570878  0.79205435410304748  0.80039433841485030
  0.80861364774369693  0.81672851491623444  0.82475934836697085  0.83272105367154847
  0.84061393021698305  0.84832712530248044  0.85595535930263089  0.86351697472925337
  0.87100029786175959  0.87839098132203053  0.88571193315061558  0.89291497921779350
  0.90005782049027283  0.90715585983218583  0.91420745908586565  0.92110959706486473
  0.92796795298280577  0.93477496212071221  0.94152374282181817  0.94819503181371789
  0.95481748453706772  0.96141149222924804  0.96797218078345271  0.97448567580287326
  0.98091028569662475  0.98729882619963327  0.99365965435740533  1.00000000000000000
 -0.00264542461572761  0.00958460303044070  0.02039700828434183  0.03109512536446131
  0.04158555251813160  0.05164285133698404  0.06168670760191986  0.07187077178387431
  0.08223843770411671  0.09265954639486620  0.10325759238113338  0.11423697567501265
  0.12513150333657813  0.13567395346887229  0.14610000168267051  0.15670442996459039
  0.16747071470092262  0.17807611611467239  0.18878572629098994  0.19996043154452611
  0.21134468668756654  0.22248273063582391  0.23354464008461626  0.24449313708943160
  0.25538461253421502  0.26605104008933217  0.27680275167614427  0.28721090581125241
  0.29711424233019473  0.30670149919186651  0.31648655131731263  0.32706543921748410
  0.33745614599803275  0.34785135185368316  0.35821192793157691  0.36856170231414276
  0.37880588451292108  0.38897154665283235  0.39944417563421292  0.41055394553267893
  0.42144800462391807  0.43223362259548348  0.44283081574449751  0.45344251806506070
  0.46411673051413926  0.47452554820072962  0.48469011971014536  0.49492396020343749
  0.50517947245381589  0.51572096730522865  0.52587989888901143  0.53584306562517925
  0.54609758240467654  0.55685615942164690  0.56788548733140121  0.57890857939093765
  0.58954234243960180  0.59996242824535873  0.61038574925328082  0.62097325789027469
  0.63186316469871973  0.64310619198146357  0.65440789875581085  0.66515807345800526
  0.67529306876744488  0.68548578236286251  0.69576213173832568  0.70622377390664337
  0.71690375050593358  0.72751578091410907  0.73798283446327972  0.74848610309431940
  0.75933754427559841  0.76989355090715372  0.78041346450416171  0.79109170077381497
  0.80216344265024697  0.81324637100455421  0.82391169322403612  0.83474218459588201
  0.84553969015556596  0.85622758511355379  0.86658222333014101  0.87704370946451615
  0.88741128609278530  0.89761467626032465  0.90774596504791027  0.91810026819606561
  0.92903699057906453  0.93979400882645348  0.95031636079251169  0.96049260287130811
  0.97065397646348639  0.98066572533301988  0.99045901423201055  1.00000000000000000
   4.2738857608463997E-005  -1.0000000000000000     
 F F F F F F F F F F F F F F F F F F F F F F F F F F F F F F F F
  <DiscreteSampler_grid>
  grouped_processes
  1 # 1 for a reference and 2 for a running grid.
  10 # Attribute 'min_bin_probing_points' of the grid.
  1 # Attribute 'grid_mode' of the grid. 1=='default',2=='initialization'
  0.0000000000000000 # Attribute 'small_contrib_threshold' of the grid.
  0.5000000000000000 # Attribute 'damping_power' of the grid.
 # binID   n_entries weight   weight_sqr   abs_weight
    10   10   9.469177471327580E+005   1.346803454432850E+012   9.469177471327580E+005
  </DiscreteSampler_grid>
