 -0.00132381717063475  0.00356877561228661  0.00847811722142363  0.01324634594618127
  0.01807617563647578  0.02304036424737688  0.02803275567852128  0.03304730692881523
  0.03808497147805696  0.04317920303226035  0.04833498502136680  0.05352666682610929
  0.05873405086794035  0.06399930081474386  0.06932122314402255  0.07467206186323146
  0.08005701649550652  0.08549111850631178  0.09100855949396291  0.09654811368340692
  0.10211925557289206  0.10776943983415732  0.11347621775213634  0.11922628275705727
  0.12502586850473738  0.13089097848477488  0.13681302572193801  0.14276563107228171
  0.14879276875257028  0.15489877315919312  0.16105567405565988  0.16728578067979386
  0.17360221977239840  0.17997661696673140  0.18640115352918016  0.19293450043720006
  0.19953666827412583  0.20619683274509976  0.21294807705445851  0.21977938344665096
  0.22667918380830868  0.23367853222745535  0.24079276652531978  0.24797752183835714
  0.25527248424025478  0.26269072094099005  0.27014912826818610  0.27779178304517094
  0.28549208216840116  0.29332545885495603  0.30129343531483255  0.30936921130222245
  0.31758190979526435  0.32592189399502186  0.33440198990329018  0.34304719460881372
  0.35182982778686850  0.36077701832974873  0.36988553210182806  0.37916544266377528
  0.38862705948563170  0.39826749070779477  0.40811000752513138  0.41814539783025167
  0.42842354162747570  0.43893806948248326  0.44972656902537617  0.46075935492752029
  0.47207834966869716  0.48368619170178645  0.49562307935392919  0.50788164768635946
  0.52050942018947088  0.53353661135113351  0.54702851076137038  0.56092940027823990
  0.57533906466908380  0.59024023713850160  0.60577312274139916  0.62190263058300066
  0.63869831099232621  0.65621237791885800  0.67450716712244296  0.69374340057604544
  0.71396492311996818  0.73513210218594838  0.75742140898459609  0.78081395171531809
  0.80549067548866893  0.83139738302056265  0.85834851124095934  0.88616217141076248
  0.91464426017934675  0.94334832276305958  0.97184415291058734  1.00000000000000000
 -0.00254603197208010  0.00970742998897864  0.02004664243417089  0.03064870617529468
  0.04125754067559184  0.05189032746347336  0.06247849877337066  0.07308581211495432
  0.08369542328327351  0.09444177709112496  0.10522178793543537  0.11617367516247408
  0.12711153986221113  0.13796548785379784  0.14875052723524859  0.15937239932135858
  0.16999869948002044  0.18049604721464996  0.19099176594139050  0.20138378535545326
  0.21185846487727863  0.22242864393975820  0.23301859938030767  0.24355238679058347
  0.25399253553756107  0.26438814300026875  0.27484885258276004  0.28546559195555316
  0.29604784272255330  0.30661934259915330  0.31726681496448017  0.32812456358565656
  0.33901715371507213  0.34972020845893742  0.36024029380740985  0.37075478199090767
  0.38126270757866809  0.39192654862274989  0.40237132622427019  0.41269075399462513
  0.42298022684761716  0.43328661813852198  0.44374391064752339  0.45411704098277167
  0.46464947461961942  0.47517810729460169  0.48579598371738997  0.49646294485907627
  0.50706738450128985  0.51755939810388674  0.52793845887307944  0.53828165741082445
  0.54866335069418481  0.55917554441065698  0.56977923836076638  0.58023075909275679
  0.59048282064714142  0.60089386762581176  0.61152807472911574  0.62229334345884835
  0.63299120219119343  0.64361267548494283  0.65434888062726637  0.66490861206848018
  0.67550526461611904  0.68602135923513730  0.69658177002869071  0.70700648243227471
  0.71758567466549439  0.72811815897871157  0.73887493775950108  0.74942085008225490
  0.76005146659031564  0.77063989376512487  0.78124906340403089  0.79172928662450326
  0.80204159662646657  0.81252540438615084  0.82294462761590892  0.83351543211598000
  0.84378660398327754  0.85397145184893231  0.86420920230545373  0.87438689984302831
  0.88497174670761680  0.89547451144517709  0.90605001113525074  0.91665141294910535
  0.92715948997266018  0.93757220836238186  0.94776183959009574  0.95803736309705434
  0.96848485420602426  0.97894051324813380  0.98938767440051134  1.00000000000000000
   2.7586079365884086E-007  -1.0000000000000000     
 F F F F F F F F F F F F F F F F F F F F F F F F F F F F F F F F
  <DiscreteSampler_grid>
  grouped_processes
  1 # 1 for a reference and 2 for a running grid.
  10 # Attribute 'min_bin_probing_points' of the grid.
  1 # Attribute 'grid_mode' of the grid. 1=='default',2=='initialization'
  0.0000000000000000 # Attribute 'small_contrib_threshold' of the grid.
  0.5000000000000000 # Attribute 'damping_power' of the grid.
 # binID   n_entries weight   weight_sqr   abs_weight
    10   10   1.905608729894382E+006   6.313451540995138E+012   1.905608729894382E+006
  </DiscreteSampler_grid>
