 -0.00365957825655799  0.01626188383851242  0.02175128195699989  0.02789699399323424
  0.03456743812158757  0.04204488519688634  0.05021590872583468  0.05913900825773050
  0.06877605958141571  0.07913731126315579  0.09015400307486454  0.10189317748597969
  0.11425360083836478  0.12722232102925496  0.14079789058825540  0.15482019881373951
  0.16937956035625396  0.18436588403000875  0.19969011739128853  0.21534638159640551
  0.23122058094465589  0.24722180501413388  0.26328891365211149  0.27939410560439548
  0.29548917188758811  0.31151155189084873  0.32741055117911766  0.34315021778703575
  0.35872141054556583  0.37410104362402463  0.38925331721708228  0.40417209343284111
  0.41885450730103779  0.43329257325431275  0.44747206153000418  0.46139081105549462
  0.47505400651813895  0.48846723741310472  0.50162945058428532  0.51454098176394270
  0.52721732643347208  0.53966746320968995  0.55188918856463620  0.56389047661322134
  0.57568905536843140  0.58729842741941640  0.59868306938399474  0.60984909011873967
  0.62082193505922878  0.63162310484810014  0.64226325684714969  0.65273725324056353
  0.66304882085624484  0.67320999269001269  0.68320843020288313  0.69304012092492240
  0.70272049839078921  0.71224743469618390  0.72163594519302854  0.73091090556917215
  0.74006549946768962  0.74902871775752289  0.75789651741535136  0.76666727680616764
  0.77529490195231621  0.78380088836602257  0.79222015964364900  0.80056640686344205
  0.80877011934211140  0.81687164354930197  0.82488591835299829  0.83281854133348365
  0.84066486008995112  0.84836750223252255  0.85599162036528853  0.86354357254554548
  0.87101709229465241  0.87840850011011185  0.88573132804445331  0.89292953822248688
  0.90006796532288413  0.90716380476603076  0.91421567014067295  0.92108879256028686
  0.92792402111776406  0.93471547509973829  0.94145643847439076  0.94812674296278465
  0.95474689759032072  0.96133866352323105  0.96789921468810303  0.97441795475176529
  0.98085935749256603  0.98726518203851987  0.99364309096744452  1.00000000000000000
 -0.00229207456924266  0.00920771075399593  0.01909244121739535  0.02928696307466035
  0.03954563697929791  0.04957119595935743  0.05953614434711309  0.06973958317891471
  0.07980999198368913  0.08974035556998118  0.09955081014286607  0.10994176292397315
  0.12060494019134206  0.13106881416339300  0.14120685717339065  0.15156727290238561
  0.16212088820632820  0.17233684746043595  0.18243354828871031  0.19273752236145042
  0.20328375922567982  0.21385690820172407  0.22445130236829208  0.23513946587997750
  0.24562591260447572  0.25604691278550201  0.26654676061356436  0.27724076813463450
  0.28799620285691913  0.29867112825403952  0.30909593722513179  0.31948311934486395
  0.32995151113461901  0.34073972577700712  0.35139877726706958  0.36207348445321824
  0.37268962371247361  0.38339290908295387  0.39414967573891974  0.40463468115137285
  0.41492336253058426  0.42510487677922093  0.43537138111133983  0.44569593723012979
  0.45602386566227715  0.46634714618805173  0.47672551708856098  0.48714816110980447
  0.49744569543254186  0.50764740261616004  0.51784463420095428  0.52817354702652075
  0.53869476204754696  0.54940495889342300  0.56041036980059244  0.57147125410279542
  0.58249192615899881  0.59365013665875255  0.60483394803980917  0.61600815398161946
  0.62718801402197799  0.63814896201482674  0.64893194664074005  0.65950276708395539
  0.67036285382122951  0.68122757925540756  0.69227623704671826  0.70297695221876810
  0.71383337750865627  0.72442515651956696  0.73495927495580160  0.74561372027877382
  0.75660019894773345  0.76785424139116421  0.77812674250744029  0.78848005630698825
  0.79865333722137077  0.80861699858669056  0.81885966923654552  0.82913612010349447
  0.83976034875704397  0.85019893134263080  0.86099464093538802  0.87234607829263466
  0.88322397016495480  0.89407931290628495  0.90479696174557744  0.91560561717533606
  0.92596582201835809  0.93629581582055343  0.94636843729934617  0.95660385030083417
  0.96704202781911941  0.97803961277345397  0.98907379070659240  1.00000000000000000
   4.2623817589646479E-005  -1.0000000000000000     
 F F F F F F F F F F F F F F F F F F F F F F F F F F F F F F F F
  <DiscreteSampler_grid>
  grouped_processes
  1 # 1 for a reference and 2 for a running grid.
  10 # Attribute 'min_bin_probing_points' of the grid.
  1 # Attribute 'grid_mode' of the grid. 1=='default',2=='initialization'
  0.0000000000000000 # Attribute 'small_contrib_threshold' of the grid.
  0.5000000000000000 # Attribute 'damping_power' of the grid.
 # binID   n_entries weight   weight_sqr   abs_weight
    10   10   8.431652850912756E+005   1.098291605654919E+012   8.431652850912756E+005
  </DiscreteSampler_grid>
