 -0.00347870547143721  0.01623335130578856  0.02170831329556514  0.02784238946011591
  0.03450926381037746  0.04197303944626909  0.05013322189322715  0.05903668762746809
  0.06867383381178167  0.07902967465109506  0.09006200401986278  0.10183618116624749
  0.11421012880200387  0.12718656483083654  0.14076160157714704  0.15477490978912037
  0.16933632296075302  0.18433186291251544  0.19964389810789093  0.21529272487195292
  0.23114956452307170  0.24713508020547387  0.26319155309053133  0.27928135256950665
  0.29536912739743598  0.31140526816876340  0.32731563840373740  0.34305571305953703
  0.35860397844384728  0.37395578816700803  0.38908857117555429  0.40399554170692142
  0.41865893210912308  0.43307788471155284  0.44725667585032536  0.46119272445195653
  0.47487503592827485  0.48830685854902522  0.50149201806380506  0.51442943489729864
  0.52711756589054226  0.53957063305959252  0.55179334365478261  0.56380628754325235
  0.57561430611553710  0.58722759400348801  0.59864104490343417  0.60983032362803047
  0.62083625046234470  0.63165617941544350  0.64229101337043959  0.65274505981820119
  0.66302129700427026  0.67312946349770097  0.68309907310769102  0.69291598461940884
  0.70259028801538803  0.71211823096522608  0.72151918753599120  0.73081329600438250
  0.73998494886952371  0.74896212849128863  0.75783173578456375  0.76659898583656627
  0.77522569201505853  0.78373553367485149  0.79215886211641451  0.80049911099385163
  0.80869780118936541  0.81678977608218983  0.82479641056612185  0.83272937025529392
  0.84058656511162888  0.84828134956919532  0.85590365869264795  0.86344551588616014
  0.87090406701147982  0.87828374152216437  0.88559699254228974  0.89280588570670905
  0.89996123955724994  0.90707766292854708  0.91415622412680397  0.92105550972696049
  0.92791164657014991  0.93471189538038568  0.94144879349125665  0.94811227402485476
  0.95472981741640095  0.96132622148229274  0.96789447020792951  0.97441585526915064
  0.98086053380243043  0.98726538294686106  0.99364156063345632  1.00000000000000000
 -0.00258022751711901  0.00949913370739848  0.01978113845404211  0.03042584267877891
  0.04119525297529637  0.05206785292566582  0.06240797572710744  0.07262944830688485
  0.08284466374095437  0.09404693442835410  0.10549775909465280  0.11668407886405933
  0.12750821766688114  0.13806776698903717  0.14846998225766969  0.15884729848691462
  0.16934128010735039  0.17964063289020796  0.18975573084712971  0.19983477152813942
  0.20963042096819015  0.21979791221023831  0.23025557886752984  0.24123918563443336
  0.25201658822977963  0.26221744196994878  0.27227056727127086  0.28245683264333510
  0.29275049856913643  0.30336303375600082  0.31386757935612608  0.32429632919850609
  0.33443008213251502  0.34464589462947354  0.35485947539469809  0.36533547588816018
  0.37584350220098339  0.38658231111938512  0.39743466813236261  0.40812734039912257
  0.41862933963966381  0.42885104554301773  0.43907932708434450  0.44931746404304995
  0.45963864721483649  0.46988873320814734  0.48029370416100148  0.49062320092059003
  0.50090459593733749  0.51124129692433540  0.52161959608117392  0.53191963253627728
  0.54223521810632436  0.55247167345714610  0.56273875959422825  0.57304210368893838
  0.58325424164562945  0.59350431490998501  0.60390621614964457  0.61483188464831473
  0.62586032190640073  0.63641723087531299  0.64688576287823107  0.65696034486450716
  0.66727799194097415  0.67744284199464833  0.68782073256269938  0.69837267775340139
  0.70904794559235795  0.71964637680109056  0.73024152362485362  0.74112140383360925
  0.75181820409555755  0.76243481493728915  0.77299701771128460  0.78385346496899977
  0.79458118187267135  0.80517828579198258  0.81597750951780668  0.82693314544130125
  0.83792114656530614  0.84885520735164910  0.85953212845002969  0.87024376466111952
  0.88095849158786588  0.89183063409077579  0.90256831621899125  0.91315004628709173
  0.92388543131836287  0.93459613716340817  0.94559592816540061  0.95627370331464445
  0.96689156799199172  0.97767247686792791  0.98885620577324729  1.00000000000000000
   4.2662001545158186E-005  -1.0000000000000000     
 F F F F F F F F F F F F F F F F F F F F F F F F F F F F F F F F
  <DiscreteSampler_grid>
  grouped_processes
  1 # 1 for a reference and 2 for a running grid.
  10 # Attribute 'min_bin_probing_points' of the grid.
  1 # Attribute 'grid_mode' of the grid. 1=='default',2=='initialization'
  0.0000000000000000 # Attribute 'small_contrib_threshold' of the grid.
  0.5000000000000000 # Attribute 'damping_power' of the grid.
 # binID   n_entries weight   weight_sqr   abs_weight
    10   10   6.216070108788348E+005   4.115915637958888E+011   6.216070108788348E+005
  </DiscreteSampler_grid>
